330 内机 EEV 动作记录  开始 2026-09-14 15:10:25

★ [15:10:27] 目标1-8: (200, 200, 0, 0, 0, 0, 0, 0) -> (195, 200, 0, 0, 0, 0, 0, 0)  当前1-8: (200, 120, 0, 0, 0, 0, 0, 0) -> (195, 163, 0, 0, 0, 0, 0, 0)  蒸发温度: (280, 323, 282, 283, 0, 1000, 285, 285, 282, 739) -> (280, 323, 282, 283, 0, 1000, 285, 285, 282, 740)
★ [15:10:29] 调度号: 1 -> 99  当前1-8: (195, 163, 0, 0, 0, 0, 0, 0) -> (195, 200, 0, 0, 0, 0, 0, 0)  蒸发温度: (280, 323, 282, 283, 0, 1000, 285, 285, 282, 740) -> (280, 323, 282, 282, 0, 1000, 285, 285, 282, 739)
★ [15:10:31] 调度号: 99 -> 0  目标1-8: (195, 200, 0, 0, 0, 0, 0, 0) -> (190, 200, 0, 0, 0, 0, 0, 0)  当前1-8: (195, 200, 0, 0, 0, 0, 0, 0) -> (194, 200, 0, 0, 0, 0, 0, 0)
★ [15:10:33] 调度号: 0 -> 99  当前1-8: (194, 200, 0, 0, 0, 0, 0, 0) -> (190, 200, 0, 0, 0, 0, 0, 0)  蒸发温度: (280, 323, 282, 282, 0, 1000, 285, 285, 282, 739) -> (279, 322, 282, 282, 0, 1000, 285, 285, 281, 739)
[15:10:35] 蒸发温度: (279, 322, 282, 282, 0, 1000, 285, 285, 281, 739) -> (279, 322, 282, 282, 0, 1000, 285, 285, 282, 739)
★ [15:10:37] 目标1-8: (190, 200, 0, 0, 0, 0, 0, 0) -> (189, 200, 0, 0, 0, 0, 0, 0)  当前1-8: (190, 200, 0, 0, 0, 0, 0, 0) -> (189, 200, 0, 0, 0, 0, 0, 0)  蒸发温度: (279, 322, 282, 282, 0, 1000, 285, 285, 282, 739) -> (279, 323, 282, 282, 0, 1000, 284, 285, 281, 739)
[15:10:39] 蒸发温度: (279, 323, 282, 282, 0, 1000, 284, 285, 281, 739) -> (279, 323, 282, 283, 0, 1000, 284, 285, 282, 740)
★ [15:10:41] 调度号: 99 -> 0  目标1-8: (189, 200, 0, 0, 0, 0, 0, 0) -> (187, 200, 0, 0, 0, 0, 0, 0)  当前1-8: (189, 200, 0, 0, 0, 0, 0, 0) -> (188, 200, 0, 0, 0, 0, 0, 0)  蒸发温度: (279, 323, 282, 283, 0, 1000, 284, 285, 282, 740) -> (279, 323, 282, 283, 0, 1000, 285, 285, 282, 739)
★ [15:10:43] 调度号: 0 -> 99  当前1-8: (188, 200, 0, 0, 0, 0, 0, 0) -> (187, 200, 0, 0, 0, 0, 0, 0)  蒸发温度: (279, 323, 282, 283, 0, 1000, 285, 285, 282, 739) -> (279, 323, 281, 283, 0, 1000, 285, 285, 282, 739)
[15:10:45] 压机A: (2, 0) -> (2, 2)
★ [15:10:47] 目标1-8: (187, 200, 0, 0, 0, 0, 0, 0) -> (185, 200, 0, 0, 0, 0, 0, 0)  当前1-8: (187, 200, 0, 0, 0, 0, 0, 0) -> (185, 200, 0, 0, 0, 0, 0, 0)  蒸发温度: (279, 323, 281, 283, 0, 1000, 285, 285, 282, 739) -> (279, 323, 281, 282, 0, 1000, 285, 285, 282, 740)
[15:10:49] 蒸发温度: (279, 323, 281, 282, 0, 1000, 285, 285, 282, 740) -> (279, 323, 282, 282, 0, 1000, 285, 285, 282, 739)
★ [15:10:51] 目标1-8: (185, 200, 0, 0, 0, 0, 0, 0) -> (185, 195, 0, 0, 0, 0, 0, 0)  当前1-8: (185, 200, 0, 0, 0, 0, 0, 0) -> (185, 195, 0, 0, 0, 0, 0, 0)  蒸发温度: (279, 323, 282, 282, 0, 1000, 285, 285, 282, 739) -> (280, 323, 282, 282, 0, 1000, 285, 285, 282, 739)
★ [15:10:53] 目标1-8: (185, 195, 0, 0, 0, 0, 0, 0) -> (183, 195, 0, 0, 0, 0, 0, 0)  当前1-8: (185, 195, 0, 0, 0, 0, 0, 0) -> (183, 195, 0, 0, 0, 0, 0, 0)  蒸发温度: (280, 323, 282, 282, 0, 1000, 285, 285, 282, 739) -> (279, 323, 281, 282, 0, 1000, 285, 285, 282, 740)
★ [15:10:55] 目标1-8: (183, 195, 0, 0, 0, 0, 0, 0) -> (183, 190, 0, 0, 0, 0, 0, 0)  当前1-8: (183, 195, 0, 0, 0, 0, 0, 0) -> (183, 190, 0, 0, 0, 0, 0, 0)  蒸发温度: (279, 323, 281, 282, 0, 1000, 285, 285, 282, 740) -> (279, 323, 281, 282, 0, 1000, 285, 285, 282, 739)
★ [15:10:57] 目标1-8: (183, 190, 0, 0, 0, 0, 0, 0) -> (181, 190, 0, 0, 0, 0, 0, 0)  当前1-8: (183, 190, 0, 0, 0, 0, 0, 0) -> (181, 190, 0, 0, 0, 0, 0, 0)  蒸发温度: (279, 323, 281, 282, 0, 1000, 285, 285, 282, 739) -> (279, 323, 281, 282, 0, 1000, 285, 285, 282, 740)
★ [15:11:01] 目标1-8: (181, 190, 0, 0, 0, 0, 0, 0) -> (181, 189, 0, 0, 0, 0, 0, 0)  当前1-8: (181, 190, 0, 0, 0, 0, 0, 0) -> (181, 189, 0, 0, 0, 0, 0, 0)  蒸发温度: (279, 323, 281, 282, 0, 1000, 285, 285, 282, 740) -> (279, 323, 281, 282, 0, 1000, 285, 285, 282, 739)
★ [15:11:03] 目标1-8: (181, 189, 0, 0, 0, 0, 0, 0) -> (179, 189, 0, 0, 0, 0, 0, 0)  当前1-8: (181, 189, 0, 0, 0, 0, 0, 0) -> (179, 189, 0, 0, 0, 0, 0, 0)  蒸发温度: (279, 323, 281, 282, 0, 1000, 285, 285, 282, 739) -> (279, 323, 281, 282, 0, 1000, 285, 285, 282, 740)
★ [15:11:05] 目标1-8: (179, 189, 0, 0, 0, 0, 0, 0) -> (179, 187, 0, 0, 0, 0, 0, 0)  当前1-8: (179, 189, 0, 0, 0, 0, 0, 0) -> (179, 187, 0, 0, 0, 0, 0, 0)
★ [15:11:07] 目标1-8: (179, 187, 0, 0, 0, 0, 0, 0) -> (177, 187, 0, 0, 0, 0, 0, 0)  当前1-8: (179, 187, 0, 0, 0, 0, 0, 0) -> (177, 187, 0, 0, 0, 0, 0, 0)
[15:11:09] 蒸发温度: (279, 323, 281, 282, 0, 1000, 285, 285, 282, 740) -> (279, 323, 281, 282, 0, 1000, 285, 285, 282, 739)
★ [15:11:11] 目标1-8: (177, 187, 0, 0, 0, 0, 0, 0) -> (177, 185, 0, 0, 0, 0, 0, 0)  当前1-8: (177, 187, 0, 0, 0, 0, 0, 0) -> (177, 185, 0, 0, 0, 0, 0, 0)  蒸发温度: (279, 323, 281, 282, 0, 1000, 285, 285, 282, 739) -> (280, 323, 281, 283, 0, 1000, 285, 285, 282, 739)
★ [15:11:13] 目标1-8: (177, 185, 0, 0, 0, 0, 0, 0) -> (175, 185, 0, 0, 0, 0, 0, 0)  当前1-8: (177, 185, 0, 0, 0, 0, 0, 0) -> (175, 185, 0, 0, 0, 0, 0, 0)  蒸发温度: (280, 323, 281, 283, 0, 1000, 285, 285, 282, 739) -> (279, 324, 281, 283, 0, 1000, 285, 285, 282, 740)
★ [15:11:15] 目标1-8: (175, 185, 0, 0, 0, 0, 0, 0) -> (175, 183, 0, 0, 0, 0, 0, 0)  当前1-8: (175, 185, 0, 0, 0, 0, 0, 0) -> (175, 183, 0, 0, 0, 0, 0, 0)  蒸发温度: (279, 324, 281, 283, 0, 1000, 285, 285, 282, 740) -> (280, 324, 281, 283, 0, 1000, 285, 285, 282, 740)
★ [15:11:17] 目标1-8: (175, 183, 0, 0, 0, 0, 0, 0) -> (173, 183, 0, 0, 0, 0, 0, 0)  当前1-8: (175, 183, 0, 0, 0, 0, 0, 0) -> (173, 183, 0, 0, 0, 0, 0, 0)  蒸发温度: (280, 324, 281, 283, 0, 1000, 285, 285, 282, 740) -> (280, 324, 282, 283, 0, 1000, 285, 285, 282, 740)
[15:11:19] 蒸发温度: (280, 324, 282, 283, 0, 1000, 285, 285, 282, 740) -> (280, 324, 282, 283, 0, 1000, 285, 285, 282, 739)
★ [15:11:21] 目标1-8: (173, 183, 0, 0, 0, 0, 0, 0) -> (173, 181, 0, 0, 0, 0, 0, 0)  当前1-8: (173, 183, 0, 0, 0, 0, 0, 0) -> (173, 181, 0, 0, 0, 0, 0, 0)
★ [15:11:23] 目标1-8: (173, 181, 0, 0, 0, 0, 0, 0) -> (171, 181, 0, 0, 0, 0, 0, 0)  当前1-8: (173, 181, 0, 0, 0, 0, 0, 0) -> (171, 181, 0, 0, 0, 0, 0, 0)  蒸发温度: (280, 324, 282, 283, 0, 1000, 285, 285, 282, 739) -> (280, 324, 282, 283, 0, 1000, 285, 285, 283, 739)
★ [15:11:25] 目标1-8: (171, 181, 0, 0, 0, 0, 0, 0) -> (171, 179, 0, 0, 0, 0, 0, 0)  当前1-8: (171, 181, 0, 0, 0, 0, 0, 0) -> (171, 179, 0, 0, 0, 0, 0, 0)  蒸发温度: (280, 324, 282, 283, 0, 1000, 285, 285, 283, 739) -> (280, 324, 282, 283, 0, 1000, 285, 286, 283, 740)
★ [15:11:27] 目标1-8: (171, 179, 0, 0, 0, 0, 0, 0) -> (169, 179, 0, 0, 0, 0, 0, 0)  当前1-8: (171, 179, 0, 0, 0, 0, 0, 0) -> (169, 179, 0, 0, 0, 0, 0, 0)  蒸发温度: (280, 324, 282, 283, 0, 1000, 285, 286, 283, 740) -> (280, 324, 282, 283, 0, 1000, 285, 286, 282, 740)
[15:11:29] 蒸发温度: (280, 324, 282, 283, 0, 1000, 285, 286, 282, 740) -> (280, 324, 282, 283, 0, 1000, 285, 286, 283, 740)
★ [15:11:31] 目标1-8: (169, 179, 0, 0, 0, 0, 0, 0) -> (169, 177, 0, 0, 0, 0, 0, 0)  当前1-8: (169, 179, 0, 0, 0, 0, 0, 0) -> (169, 177, 0, 0, 0, 0, 0, 0)  蒸发温度: (280, 324, 282, 283, 0, 1000, 285, 286, 283, 740) -> (280, 324, 281, 283, 0, 1000, 285, 286, 283, 739)
★ [15:11:33] 目标1-8: (169, 177, 0, 0, 0, 0, 0, 0) -> (167, 177, 0, 0, 0, 0, 0, 0)  当前1-8: (169, 177, 0, 0, 0, 0, 0, 0) -> (167, 177, 0, 0, 0, 0, 0, 0)  蒸发温度: (280, 324, 281, 283, 0, 1000, 285, 286, 283, 739) -> (280, 324, 282, 283, 0, 1000, 285, 286, 283, 740)
★ [15:11:35] 目标1-8: (167, 177, 0, 0, 0, 0, 0, 0) -> (167, 175, 0, 0, 0, 0, 0, 0)  当前1-8: (167, 177, 0, 0, 0, 0, 0, 0) -> (167, 175, 0, 0, 0, 0, 0, 0)  蒸发温度: (280, 324, 282, 283, 0, 1000, 285, 286, 283, 740) -> (280, 324, 282, 283, 0, 1000, 286, 286, 283, 739)
★ [15:11:37] 目标1-8: (167, 175, 0, 0, 0, 0, 0, 0) -> (165, 175, 0, 0, 0, 0, 0, 0)  当前1-8: (167, 175, 0, 0, 0, 0, 0, 0) -> (165, 175, 0, 0, 0, 0, 0, 0)
[15:11:39] 蒸发温度: (280, 324, 282, 283, 0, 1000, 286, 286, 283, 739) -> (280, 324, 282, 283, 0, 1000, 286, 286, 283, 740)
★ [15:11:41] 目标1-8: (165, 175, 0, 0, 0, 0, 0, 0) -> (165, 173, 0, 0, 0, 0, 0, 0)  当前1-8: (165, 175, 0, 0, 0, 0, 0, 0) -> (165, 173, 0, 0, 0, 0, 0, 0)  蒸发温度: (280, 324, 282, 283, 0, 1000, 286, 286, 283, 740) -> (280, 324, 282, 283, 0, 1000, 286, 286, 283, 739)
★ [15:11:43] 调度号: 99 -> 2  目标1-8: (165, 173, 0, 0, 0, 0, 0, 0) -> (164, 173, 200, 0, 0, 0, 0, 0)  当前1-8: (165, 173, 0, 0, 0, 0, 0, 0) -> (164, 173, 35, 0, 0, 0, 0, 0)  ON1-8: (1, 1, 0, 0, 0, 0, 0, 0) -> (1, 1, 1, 0, 0, 0, 0, 0)  目标台数: 2 -> 3  蒸发温度: (280, 324, 282, 283, 0, 1000, 286, 286, 283, 739) -> (280, 324, 281, 283, 0, 1000, 285, 286, 283, 740)
★ [15:11:45] 调度号: 2 -> 99  目标1-8: (164, 173, 200, 0, 0, 0, 0, 0) -> (164, 171, 200, 0, 0, 0, 0, 0)  当前1-8: (164, 173, 35, 0, 0, 0, 0, 0) -> (164, 171, 98, 0, 0, 0, 0, 0)  蒸发温度: (280, 324, 281, 283, 0, 1000, 285, 286, 283, 740) -> (280, 324, 282, 284, 0, 1000, 285, 286, 283, 739)
★ [15:11:47] 调度号: 99 -> 2  目标1-8: (164, 171, 200, 0, 0, 0, 0, 0) -> (162, 171, 200, 0, 0, 0, 0, 0)  当前1-8: (164, 171, 98, 0, 0, 0, 0, 0) -> (162, 171, 126, 0, 0, 0, 0, 0)  蒸发温度: (280, 324, 282, 284, 0, 1000, 285, 286, 283, 739) -> (280, 324, 282, 284, 0, 1000, 285, 285, 283, 739)
★ [15:11:49] 当前1-8: (162, 171, 126, 0, 0, 0, 0, 0) -> (162, 171, 186, 0, 0, 0, 0, 0)  蒸发温度: (280, 324, 282, 284, 0, 1000, 285, 285, 283, 739) -> (280, 324, 281, 284, 0, 1000, 285, 285, 282, 740)
★ [15:11:51] 调度号: 2 -> 99  目标1-8: (162, 171, 200, 0, 0, 0, 0, 0) -> (162, 169, 200, 0, 0, 0, 0, 0)  当前1-8: (162, 171, 186, 0, 0, 0, 0, 0) -> (162, 169, 200, 0, 0, 0, 0, 0)  蒸发温度: (280, 324, 281, 284, 0, 1000, 285, 285, 282, 740) -> (279, 323, 281, 283, 0, 1000, 285, 285, 282, 739)
★ [15:11:53] 目标1-8: (162, 169, 200, 0, 0, 0, 0, 0) -> (160, 169, 200, 0, 0, 0, 0, 0)  当前1-8: (162, 169, 200, 0, 0, 0, 0, 0) -> (160, 169, 200, 0, 0, 0, 0, 0)  蒸发温度: (279, 323, 281, 283, 0, 1000, 285, 285, 282, 739) -> (279, 323, 280, 283, 0, 1000, 284, 284, 282, 740)
★ [15:11:55] 目标1-8: (160, 169, 200, 0, 0, 0, 0, 0) -> (160, 167, 200, 0, 0, 0, 0, 0)  当前1-8: (160, 169, 200, 0, 0, 0, 0, 0) -> (160, 167, 200, 0, 0, 0, 0, 0)  蒸发温度: (279, 323, 280, 283, 0, 1000, 284, 284, 282, 740) -> (278, 323, 279, 283, 0, 1000, 284, 284, 281, 740)
★ [15:11:57] 目标1-8: (160, 167, 200, 0, 0, 0, 0, 0) -> (158, 167, 200, 0, 0, 0, 0, 0)  当前1-8: (160, 167, 200, 0, 0, 0, 0, 0) -> (158, 167, 200, 0, 0, 0, 0, 0)  蒸发温度: (278, 323, 279, 283, 0, 1000, 284, 284, 281, 740) -> (278, 323, 280, 282, 0, 1000, 283, 284, 281, 739)
[15:11:59] 蒸发温度: (278, 323, 280, 282, 0, 1000, 283, 284, 281, 739) -> (278, 323, 279, 282, 0, 1000, 283, 284, 281, 740)
★ [15:12:01] 目标1-8: (158, 167, 200, 0, 0, 0, 0, 0) -> (158, 165, 200, 0, 0, 0, 0, 0)  当前1-8: (158, 167, 200, 0, 0, 0, 0, 0) -> (158, 165, 200, 0, 0, 0, 0, 0)  蒸发温度: (278, 323, 279, 282, 0, 1000, 283, 284, 281, 740) -> (277, 322, 279, 282, 0, 1000, 283, 283, 281, 740)
★ [15:12:03] 目标1-8: (158, 165, 200, 0, 0, 0, 0, 0) -> (156, 165, 200, 0, 0, 0, 0, 0)  当前1-8: (158, 165, 200, 0, 0, 0, 0, 0) -> (156, 165, 200, 0, 0, 0, 0, 0)  蒸发温度: (277, 322, 279, 282, 0, 1000, 283, 283, 281, 740) -> (277, 322, 278, 282, 0, 1000, 283, 283, 281, 740)
★ [15:12:05] 目标1-8: (156, 165, 200, 0, 0, 0, 0, 0) -> (156, 164, 200, 0, 0, 0, 0, 0)  当前1-8: (156, 165, 200, 0, 0, 0, 0, 0) -> (156, 164, 200, 0, 0, 0, 0, 0)  蒸发温度: (277, 322, 278, 282, 0, 1000, 283, 283, 281, 740) -> (277, 322, 278, 282, 0, 1000, 283, 283, 281, 739)
★ [15:12:07] 目标1-8: (156, 164, 200, 0, 0, 0, 0, 0) -> (154, 164, 200, 0, 0, 0, 0, 0)  当前1-8: (156, 164, 200, 0, 0, 0, 0, 0) -> (154, 164, 200, 0, 0, 0, 0, 0)  蒸发温度: (277, 322, 278, 282, 0, 1000, 283, 283, 281, 739) -> (276, 322, 278, 281, 0, 1000, 282, 283, 280, 740)
★ [15:12:11] 目标1-8: (154, 164, 200, 0, 0, 0, 0, 0) -> (154, 162, 200, 0, 0, 0, 0, 0)  当前1-8: (154, 164, 200, 0, 0, 0, 0, 0) -> (154, 162, 200, 0, 0, 0, 0, 0)  蒸发温度: (276, 322, 278, 281, 0, 1000, 282, 283, 280, 740) -> (276, 321, 278, 281, 0, 1000, 282, 282, 280, 740)
★ [15:12:13] 目标1-8: (154, 162, 200, 0, 0, 0, 0, 0) -> (152, 162, 200, 0, 0, 0, 0, 0)  当前1-8: (154, 162, 200, 0, 0, 0, 0, 0) -> (152, 162, 200, 0, 0, 0, 0, 0)  蒸发温度: (276, 321, 278, 281, 0, 1000, 282, 282, 280, 740) -> (276, 321, 278, 281, 0, 1000, 282, 283, 280, 739)
★ [15:12:15] 目标1-8: (152, 162, 200, 0, 0, 0, 0, 0) -> (152, 160, 200, 0, 0, 0, 0, 0)  当前1-8: (152, 162, 200, 0, 0, 0, 0, 0) -> (152, 160, 200, 0, 0, 0, 0, 0)  蒸发温度: (276, 321, 278, 281, 0, 1000, 282, 283, 280, 739) -> (276, 321, 278, 281, 0, 1000, 282, 283, 280, 740)
★ [15:12:17] 目标1-8: (152, 160, 200, 0, 0, 0, 0, 0) -> (150, 160, 200, 0, 0, 0, 0, 0)  当前1-8: (152, 160, 200, 0, 0, 0, 0, 0) -> (150, 160, 200, 0, 0, 0, 0, 0)  蒸发温度: (276, 321, 278, 281, 0, 1000, 282, 283, 280, 740) -> (276, 321, 278, 281, 0, 1000, 282, 282, 280, 739)
[15:12:19] 压机B: (0, 0) -> (2, 0)  蒸发温度: (276, 321, 278, 281, 0, 1000, 282, 282, 280, 739) -> (277, 321, 278, 281, 0, 1000, 282, 283, 280, 739)
★ [15:12:21] 目标1-8: (150, 160, 200, 0, 0, 0, 0, 0) -> (150, 158, 200, 0, 0, 0, 0, 0)  当前1-8: (150, 160, 200, 0, 0, 0, 0, 0) -> (150, 158, 200, 0, 0, 0, 0, 0)  蒸发温度: (277, 321, 278, 281, 0, 1000, 282, 283, 280, 739) -> (277, 322, 278, 281, 0, 1000, 283, 283, 280, 740)
★ [15:12:23] 调度号: 99 -> 2  目标1-8: (150, 158, 200, 0, 0, 0, 0, 0) -> (148, 158, 195, 0, 0, 0, 0, 0)  当前1-8: (150, 158, 200, 0, 0, 0, 0, 0) -> (148, 158, 196, 0, 0, 0, 0, 0)  蒸发温度: (277, 322, 278, 281, 0, 1000, 283, 283, 280, 740) -> (277, 322, 278, 282, 0, 1000, 283, 283, 280, 740)
★ [15:12:25] 调度号: 2 -> 99  目标1-8: (148, 158, 195, 0, 0, 0, 0, 0) -> (148, 156, 195, 0, 0, 0, 0, 0)  当前1-8: (148, 158, 196, 0, 0, 0, 0, 0) -> (148, 156, 195, 0, 0, 0, 0, 0)  蒸发温度: (277, 322, 278, 282, 0, 1000, 283, 283, 280, 740) -> (277, 322, 279, 282, 0, 1000, 283, 283, 281, 740)
★ [15:12:27] 目标1-8: (148, 156, 195, 0, 0, 0, 0, 0) -> (146, 156, 195, 0, 0, 0, 0, 0)  当前1-8: (148, 156, 195, 0, 0, 0, 0, 0) -> (146, 156, 195, 0, 0, 0, 0, 0)  蒸发温度: (277, 322, 279, 282, 0, 1000, 283, 283, 281, 740) -> (278, 322, 279, 282, 0, 1000, 283, 283, 281, 740)
★ [15:12:29] 目标1-8: (146, 156, 195, 0, 0, 0, 0, 0) -> (146, 156, 190, 0, 0, 0, 0, 0)  当前1-8: (146, 156, 195, 0, 0, 0, 0, 0) -> (146, 156, 190, 0, 0, 0, 0, 0)  蒸发温度: (278, 322, 279, 282, 0, 1000, 283, 283, 281, 740) -> (278, 322, 279, 282, 0, 1000, 283, 283, 281, 739)
★ [15:12:31] 目标1-8: (146, 156, 190, 0, 0, 0, 0, 0) -> (146, 154, 190, 0, 0, 0, 0, 0)  当前1-8: (146, 156, 190, 0, 0, 0, 0, 0) -> (146, 154, 190, 0, 0, 0, 0, 0)  蒸发温度: (278, 322, 279, 282, 0, 1000, 283, 283, 281, 739) -> (278, 322, 279, 282, 0, 1000, 283, 283, 281, 740)
★ [15:12:33] 目标1-8: (146, 154, 190, 0, 0, 0, 0, 0) -> (144, 154, 189, 0, 0, 0, 0, 0)  当前1-8: (146, 154, 190, 0, 0, 0, 0, 0) -> (144, 154, 189, 0, 0, 0, 0, 0)  蒸发温度: (278, 322, 279, 282, 0, 1000, 283, 283, 281, 740) -> (277, 322, 278, 282, 0, 1000, 283, 283, 281, 739)
★ [15:12:35] 目标1-8: (144, 154, 189, 0, 0, 0, 0, 0) -> (144, 152, 189, 0, 0, 0, 0, 0)  当前1-8: (144, 154, 189, 0, 0, 0, 0, 0) -> (144, 152, 189, 0, 0, 0, 0, 0)  蒸发温度: (277, 322, 278, 282, 0, 1000, 283, 283, 281, 739) -> (277, 322, 278, 282, 0, 1000, 283, 283, 281, 740)
★ [15:12:37] 目标1-8: (144, 152, 189, 0, 0, 0, 0, 0) -> (142, 152, 189, 0, 0, 0, 0, 0)  当前1-8: (144, 152, 189, 0, 0, 0, 0, 0) -> (142, 152, 189, 0, 0, 0, 0, 0)
★ [15:12:39] 目标1-8: (142, 152, 189, 0, 0, 0, 0, 0) -> (142, 152, 187, 0, 0, 0, 0, 0)  当前1-8: (142, 152, 189, 0, 0, 0, 0, 0) -> (142, 152, 187, 0, 0, 0, 0, 0)
★ [15:12:41] 目标1-8: (142, 152, 187, 0, 0, 0, 0, 0) -> (142, 150, 187, 0, 0, 0, 0, 0)  当前1-8: (142, 152, 187, 0, 0, 0, 0, 0) -> (142, 150, 187, 0, 0, 0, 0, 0)  蒸发温度: (277, 322, 278, 282, 0, 1000, 283, 283, 281, 740) -> (277, 322, 278, 282, 0, 1000, 282, 283, 281, 740)
★ [15:12:43] 目标1-8: (142, 150, 187, 0, 0, 0, 0, 0) -> (140, 150, 186, 0, 0, 0, 0, 0)  当前1-8: (142, 150, 187, 0, 0, 0, 0, 0) -> (140, 150, 186, 0, 0, 0, 0, 0)  蒸发温度: (277, 322, 278, 282, 0, 1000, 282, 283, 281, 740) -> (277, 322, 277, 282, 0, 1000, 282, 283, 281, 740)
★ [15:12:45] 目标1-8: (140, 150, 186, 0, 0, 0, 0, 0) -> (140, 148, 186, 0, 0, 0, 0, 0)  当前1-8: (140, 150, 186, 0, 0, 0, 0, 0) -> (140, 148, 186, 0, 0, 0, 0, 0)  蒸发温度: (277, 322, 277, 282, 0, 1000, 282, 283, 281, 740) -> (277, 321, 277, 282, 0, 1000, 282, 283, 281, 739)
★ [15:12:47] 目标1-8: (140, 148, 186, 0, 0, 0, 0, 0) -> (139, 148, 186, 0, 0, 0, 0, 0)  当前1-8: (140, 148, 186, 0, 0, 0, 0, 0) -> (139, 148, 186, 0, 0, 0, 0, 0)  蒸发温度: (277, 321, 277, 282, 0, 1000, 282, 283, 281, 739) -> (276, 321, 277, 282, 0, 1000, 282, 283, 280, 740)
★ [15:12:49] 目标1-8: (139, 148, 186, 0, 0, 0, 0, 0) -> (139, 148, 184, 0, 0, 0, 0, 0)  当前1-8: (139, 148, 186, 0, 0, 0, 0, 0) -> (139, 148, 184, 0, 0, 0, 0, 0)  蒸发温度: (276, 321, 277, 282, 0, 1000, 282, 283, 280, 740) -> (277, 321, 277, 282, 0, 1000, 283, 283, 280, 740)
★ [15:12:51] 目标1-8: (139, 148, 184, 0, 0, 0, 0, 0) -> (139, 146, 184, 0, 0, 0, 0, 0)  当前1-8: (139, 148, 184, 0, 0, 0, 0, 0) -> (139, 146, 184, 0, 0, 0, 0, 0)  蒸发温度: (277, 321, 277, 282, 0, 1000, 283, 283, 280, 740) -> (276, 321, 277, 282, 0, 1000, 283, 283, 280, 739)
★ [15:12:53] 目标1-8: (139, 146, 184, 0, 0, 0, 0, 0) -> (137, 146, 182, 0, 0, 0, 0, 0)  当前1-8: (139, 146, 184, 0, 0, 0, 0, 0) -> (137, 146, 182, 0, 0, 0, 0, 0)  蒸发温度: (276, 321, 277, 282, 0, 1000, 283, 283, 280, 739) -> (277, 321, 277, 282, 0, 1000, 283, 283, 280, 739)
★ [15:12:55] 目标1-8: (137, 146, 182, 0, 0, 0, 0, 0) -> (137, 144, 182, 0, 0, 0, 0, 0)  当前1-8: (137, 146, 182, 0, 0, 0, 0, 0) -> (137, 144, 182, 0, 0, 0, 0, 0)  蒸发温度: (277, 321, 277, 282, 0, 1000, 283, 283, 280, 739) -> (277, 322, 277, 282, 0, 1000, 283, 283, 280, 739)
★ [15:12:57] 目标1-8: (137, 144, 182, 0, 0, 0, 0, 0) -> (135, 144, 182, 0, 0, 0, 0, 0)  当前1-8: (137, 144, 182, 0, 0, 0, 0, 0) -> (135, 144, 182, 0, 0, 0, 0, 0)  蒸发温度: (277, 322, 277, 282, 0, 1000, 283, 283, 280, 739) -> (277, 322, 277, 282, 0, 1000, 283, 283, 280, 740)
★ [15:12:59] 目标1-8: (135, 144, 182, 0, 0, 0, 0, 0) -> (135, 144, 181, 0, 0, 0, 0, 0)  当前1-8: (135, 144, 182, 0, 0, 0, 0, 0) -> (135, 144, 181, 0, 0, 0, 0, 0)
★ [15:13:01] 目标1-8: (135, 144, 181, 0, 0, 0, 0, 0) -> (135, 142, 181, 0, 0, 0, 0, 0)  当前1-8: (135, 144, 181, 0, 0, 0, 0, 0) -> (135, 142, 181, 0, 0, 0, 0, 0)  蒸发温度: (277, 322, 277, 282, 0, 1000, 283, 283, 280, 740) -> (277, 322, 277, 282, 0, 1000, 283, 283, 281, 739)
★ [15:13:03] 目标1-8: (135, 142, 181, 0, 0, 0, 0, 0) -> (133, 142, 179, 0, 0, 0, 0, 0)  当前1-8: (135, 142, 181, 0, 0, 0, 0, 0) -> (133, 142, 179, 0, 0, 0, 0, 0)  蒸发温度: (277, 322, 277, 282, 0, 1000, 283, 283, 281, 739) -> (277, 322, 278, 282, 0, 1000, 283, 283, 281, 739)
★ [15:13:05] 目标1-8: (133, 142, 179, 0, 0, 0, 0, 0) -> (133, 140, 179, 0, 0, 0, 0, 0)  当前1-8: (133, 142, 179, 0, 0, 0, 0, 0) -> (133, 140, 179, 0, 0, 0, 0, 0)  蒸发温度: (277, 322, 278, 282, 0, 1000, 283, 283, 281, 739) -> (277, 322, 278, 282, 0, 1000, 283, 284, 281, 740)
★ [15:13:07] 目标1-8: (133, 140, 179, 0, 0, 0, 0, 0) -> (131, 140, 179, 0, 0, 0, 0, 0)  当前1-8: (133, 140, 179, 0, 0, 0, 0, 0) -> (131, 140, 179, 0, 0, 0, 0, 0)  蒸发温度: (277, 322, 278, 282, 0, 1000, 283, 284, 281, 740) -> (278, 322, 278, 282, 0, 1000, 283, 283, 281, 740)
★ [15:13:09] 目标1-8: (131, 140, 179, 0, 0, 0, 0, 0) -> (131, 140, 178, 0, 0, 0, 0, 0)  当前1-8: (131, 140, 179, 0, 0, 0, 0, 0) -> (131, 140, 178, 0, 0, 0, 0, 0)  蒸发温度: (278, 322, 278, 282, 0, 1000, 283, 283, 281, 740) -> (278, 322, 278, 282, 0, 1000, 284, 284, 281, 740)
★ [15:13:11] 目标1-8: (131, 140, 178, 0, 0, 0, 0, 0) -> (131, 139, 178, 0, 0, 0, 0, 0)  当前1-8: (131, 140, 178, 0, 0, 0, 0, 0) -> (131, 139, 178, 0, 0, 0, 0, 0)  蒸发温度: (278, 322, 278, 282, 0, 1000, 284, 284, 281, 740) -> (278, 322, 279, 282, 0, 1000, 284, 284, 281, 739)
★ [15:13:13] 目标1-8: (131, 139, 178, 0, 0, 0, 0, 0) -> (129, 139, 176, 0, 0, 0, 0, 0)  当前1-8: (131, 139, 178, 0, 0, 0, 0, 0) -> (129, 139, 176, 0, 0, 0, 0, 0)  蒸发温度: (278, 322, 279, 282, 0, 1000, 284, 284, 281, 739) -> (278, 323, 279, 282, 0, 1000, 284, 284, 281, 740)
★ [15:13:15] 目标1-8: (129, 139, 176, 0, 0, 0, 0, 0) -> (129, 137, 176, 0, 0, 0, 0, 0)  当前1-8: (129, 139, 176, 0, 0, 0, 0, 0) -> (129, 137, 176, 0, 0, 0, 0, 0)  蒸发温度: (278, 323, 279, 282, 0, 1000, 284, 284, 281, 740) -> (278, 322, 279, 282, 0, 1000, 284, 284, 281, 739)
★ [15:13:17] 目标1-8: (129, 137, 176, 0, 0, 0, 0, 0) -> (127, 137, 176, 0, 0, 0, 0, 0)  当前1-8: (129, 137, 176, 0, 0, 0, 0, 0) -> (127, 137, 176, 0, 0, 0, 0, 0)  蒸发温度: (278, 322, 279, 282, 0, 1000, 284, 284, 281, 739) -> (278, 323, 279, 282, 0, 1000, 284, 284, 281, 740)
★ [15:13:19] 目标1-8: (127, 137, 176, 0, 0, 0, 0, 0) -> (127, 137, 174, 0, 0, 0, 0, 0)  当前1-8: (127, 137, 176, 0, 0, 0, 0, 0) -> (127, 137, 174, 0, 0, 0, 0, 0)  蒸发温度: (278, 323, 279, 282, 0, 1000, 284, 284, 281, 740) -> (279, 323, 279, 283, 0, 1000, 284, 284, 281, 739)
★ [15:13:21] 目标1-8: (127, 137, 174, 0, 0, 0, 0, 0) -> (127, 135, 174, 0, 0, 0, 0, 0)  当前1-8: (127, 137, 174, 0, 0, 0, 0, 0) -> (127, 135, 174, 0, 0, 0, 0, 0)  蒸发温度: (279, 323, 279, 283, 0, 1000, 284, 284, 281, 739) -> (278, 323, 279, 283, 0, 1000, 284, 285, 281, 740)
★ [15:13:23] 调度号: 99 -> 3  目标1-8: (127, 135, 174, 0, 0, 0, 0, 0) -> (125, 135, 173, 200, 0, 0, 0, 0)  当前1-8: (127, 135, 174, 0, 0, 0, 0, 0) -> (125, 135, 174, 33, 0, 0, 0, 0)  ON1-8: (1, 1, 1, 0, 0, 0, 0, 0) -> (1, 1, 1, 1, 0, 0, 0, 0)  目标台数: 3 -> 4  蒸发温度: (278, 323, 279, 283, 0, 1000, 284, 285, 281, 740) -> (279, 323, 279, 283, 0, 1000, 284, 284, 281, 740)
★ [15:13:25] 目标1-8: (125, 135, 173, 200, 0, 0, 0, 0) -> (125, 133, 173, 200, 0, 0, 0, 0)  当前1-8: (125, 135, 174, 33, 0, 0, 0, 0) -> (125, 135, 173, 83, 0, 0, 0, 0)  蒸发温度: (279, 323, 279, 283, 0, 1000, 284, 284, 281, 740) -> (279, 323, 280, 282, 0, 1000, 284, 284, 282, 739)
★ [15:13:27] 调度号: 3 -> 99  目标1-8: (125, 133, 173, 200, 0, 0, 0, 0) -> (123, 133, 173, 200, 0, 0, 0, 0)  当前1-8: (125, 135, 173, 83, 0, 0, 0, 0) -> (123, 133, 173, 108, 0, 0, 0, 0)  蒸发温度: (279, 323, 280, 282, 0, 1000, 284, 284, 282, 739) -> (279, 323, 280, 283, 0, 1000, 285, 284, 282, 739)
★ [15:13:29] 调度号: 99 -> 3  目标1-8: (123, 133, 173, 200, 0, 0, 0, 0) -> (123, 133, 171, 200, 0, 0, 0, 0)  当前1-8: (123, 133, 173, 108, 0, 0, 0, 0) -> (123, 133, 171, 155, 0, 0, 0, 0)  压机B: (2, 0) -> (2, 2)  蒸发温度: (279, 323, 280, 283, 0, 1000, 285, 284, 282, 739) -> (279, 323, 280, 283, 0, 1000, 284, 285, 282, 739)
★ [15:13:31] 目标1-8: (123, 133, 171, 200, 0, 0, 0, 0) -> (123, 131, 171, 200, 0, 0, 0, 0)  当前1-8: (123, 133, 171, 155, 0, 0, 0, 0) -> (123, 131, 171, 197, 0, 0, 0, 0)  蒸发温度: (279, 323, 280, 283, 0, 1000, 284, 285, 282, 739) -> (279, 323, 280, 283, 0, 1000, 285, 285, 282, 739)
★ [15:13:33] 调度号: 3 -> 99  目标1-8: (123, 131, 171, 200, 0, 0, 0, 0) -> (121, 131, 170, 200, 0, 0, 0, 0)  当前1-8: (123, 131, 171, 197, 0, 0, 0, 0) -> (121, 131, 170, 200, 0, 0, 0, 0)  蒸发温度: (279, 323, 280, 283, 0, 1000, 285, 285, 282, 739) -> (280, 324, 280, 283, 0, 1000, 285, 285, 282, 740)
★ [15:13:35] 目标1-8: (121, 131, 170, 200, 0, 0, 0, 0) -> (121, 129, 170, 200, 0, 0, 0, 0)  当前1-8: (121, 131, 170, 200, 0, 0, 0, 0) -> (121, 129, 170, 200, 0, 0, 0, 0)  蒸发温度: (280, 324, 280, 283, 0, 1000, 285, 285, 282, 740) -> (280, 323, 280, 283, 0, 1000, 285, 285, 282, 739)
★ [15:13:37] 目标1-8: (121, 129, 170, 200, 0, 0, 0, 0) -> (119, 129, 170, 195, 0, 0, 0, 0)  当前1-8: (121, 129, 170, 200, 0, 0, 0, 0) -> (119, 129, 170, 195, 0, 0, 0, 0)  蒸发温度: (280, 323, 280, 283, 0, 1000, 285, 285, 282, 739) -> (279, 323, 280, 284, 0, 1000, 285, 285, 282, 739)
★ [15:13:39] 目标1-8: (119, 129, 170, 195, 0, 0, 0, 0) -> (119, 129, 168, 195, 0, 0, 0, 0)  当前1-8: (119, 129, 170, 195, 0, 0, 0, 0) -> (119, 129, 168, 195, 0, 0, 0, 0)  蒸发温度: (279, 323, 280, 284, 0, 1000, 285, 285, 282, 739) -> (280, 323, 280, 283, 0, 1000, 285, 285, 282, 740)
★ [15:13:41] 目标1-8: (119, 129, 168, 195, 0, 0, 0, 0) -> (119, 127, 168, 195, 0, 0, 0, 0)  当前1-8: (119, 129, 168, 195, 0, 0, 0, 0) -> (119, 127, 168, 195, 0, 0, 0, 0)  蒸发温度: (280, 323, 280, 283, 0, 1000, 285, 285, 282, 740) -> (279, 323, 279, 283, 0, 1000, 284, 285, 282, 739)
★ [15:13:43] 调度号: 99 -> 2  目标1-8: (119, 127, 168, 195, 0, 0, 0, 0) -> (117, 127, 166, 190, 0, 0, 0, 0)  当前1-8: (119, 127, 168, 195, 0, 0, 0, 0) -> (117, 127, 167, 190, 0, 0, 0, 0)  蒸发温度: (279, 323, 279, 283, 0, 1000, 284, 285, 282, 739) -> (278, 322, 279, 283, 0, 1000, 284, 284, 281, 739)
★ [15:13:45] 调度号: 2 -> 99  目标1-8: (117, 127, 166, 190, 0, 0, 0, 0) -> (117, 125, 166, 190, 0, 0, 0, 0)  当前1-8: (117, 127, 167, 190, 0, 0, 0, 0) -> (117, 125, 166, 190, 0, 0, 0, 0)  蒸发温度: (278, 322, 279, 283, 0, 1000, 284, 284, 281, 739) -> (278, 322, 279, 282, 0, 1000, 283, 284, 281, 739)
★ [15:13:47] 目标1-8: (117, 125, 166, 190, 0, 0, 0, 0) -> (115, 125, 166, 189, 0, 0, 0, 0)  当前1-8: (117, 125, 166, 190, 0, 0, 0, 0) -> (115, 125, 166, 189, 0, 0, 0, 0)  蒸发温度: (278, 322, 279, 282, 0, 1000, 283, 284, 281, 739) -> (278, 322, 279, 282, 0, 1000, 283, 283, 281, 740)
★ [15:13:49] 目标1-8: (115, 125, 166, 189, 0, 0, 0, 0) -> (115, 125, 165, 189, 0, 0, 0, 0)  当前1-8: (115, 125, 166, 189, 0, 0, 0, 0) -> (115, 125, 165, 189, 0, 0, 0, 0)  蒸发温度: (278, 322, 279, 282, 0, 1000, 283, 283, 281, 740) -> (277, 321, 279, 282, 0, 1000, 283, 283, 281, 740)
★ [15:13:51] 目标1-8: (115, 125, 165, 189, 0, 0, 0, 0) -> (115, 123, 165, 189, 0, 0, 0, 0)  当前1-8: (115, 125, 165, 189, 0, 0, 0, 0) -> (115, 123, 165, 189, 0, 0, 0, 0)  蒸发温度: (277, 321, 279, 282, 0, 1000, 283, 283, 281, 740) -> (277, 321, 279, 282, 0, 1000, 283, 283, 280, 740)
★ [15:13:53] 调度号: 99 -> 2  目标1-8: (115, 123, 165, 189, 0, 0, 0, 0) -> (113, 123, 163, 187, 0, 0, 0, 0)  当前1-8: (115, 123, 165, 189, 0, 0, 0, 0) -> (113, 123, 164, 187, 0, 0, 0, 0)  蒸发温度: (277, 321, 279, 282, 0, 1000, 283, 283, 280, 740) -> (276, 320, 279, 281, 0, 1000, 283, 283, 280, 740)
★ [15:13:55] 调度号: 2 -> 99  目标1-8: (113, 123, 163, 187, 0, 0, 0, 0) -> (113, 121, 163, 187, 0, 0, 0, 0)  当前1-8: (113, 123, 164, 187, 0, 0, 0, 0) -> (113, 121, 163, 187, 0, 0, 0, 0)  蒸发温度: (276, 320, 279, 281, 0, 1000, 283, 283, 280, 740) -> (275, 320, 278, 281, 0, 1000, 282, 283, 280, 739)
★ [15:13:57] 目标1-8: (113, 121, 163, 187, 0, 0, 0, 0) -> (112, 121, 163, 186, 0, 0, 0, 0)  当前1-8: (113, 121, 163, 187, 0, 0, 0, 0) -> (112, 121, 163, 186, 0, 0, 0, 0)  蒸发温度: (275, 320, 278, 281, 0, 1000, 282, 283, 280, 739) -> (275, 319, 278, 280, 0, 1000, 281, 282, 279, 739)
★ [15:13:59] 目标1-8: (112, 121, 163, 186, 0, 0, 0, 0) -> (112, 121, 162, 186, 0, 0, 0, 0)  当前1-8: (112, 121, 163, 186, 0, 0, 0, 0) -> (112, 121, 162, 186, 0, 0, 0, 0)  蒸发温度: (275, 319, 278, 280, 0, 1000, 281, 282, 279, 739) -> (274, 318, 277, 280, 0, 1000, 281, 281, 278, 739)
★ [15:14:01] 目标1-8: (112, 121, 162, 186, 0, 0, 0, 0) -> (112, 119, 162, 186, 0, 0, 0, 0)  当前1-8: (112, 121, 162, 186, 0, 0, 0, 0) -> (112, 119, 162, 186, 0, 0, 0, 0)  蒸发温度: (274, 318, 277, 280, 0, 1000, 281, 281, 278, 739) -> (274, 318, 277, 279, 0, 1000, 280, 281, 278, 740)
★ [15:14:03] 调度号: 99 -> 2  目标1-8: (112, 119, 162, 186, 0, 0, 0, 0) -> (110, 119, 160, 184, 0, 0, 0, 0)  当前1-8: (112, 119, 162, 186, 0, 0, 0, 0) -> (110, 119, 161, 184, 0, 0, 0, 0)
★ [15:14:05] 调度号: 2 -> 99  目标1-8: (110, 119, 160, 184, 0, 0, 0, 0) -> (110, 117, 160, 184, 0, 0, 0, 0)  当前1-8: (110, 119, 161, 184, 0, 0, 0, 0) -> (110, 117, 160, 184, 0, 0, 0, 0)
★ [15:14:07] 目标1-8: (110, 117, 160, 184, 0, 0, 0, 0) -> (108, 117, 160, 182, 0, 0, 0, 0)  当前1-8: (110, 117, 160, 184, 0, 0, 0, 0) -> (108, 117, 160, 182, 0, 0, 0, 0)  蒸发温度: (274, 318, 277, 279, 0, 1000, 280, 281, 278, 740) -> (274, 318, 278, 279, 0, 1000, 280, 281, 278, 739)
★ [15:14:09] 目标1-8: (108, 117, 160, 182, 0, 0, 0, 0) -> (108, 117, 158, 182, 0, 0, 0, 0)  当前1-8: (108, 117, 160, 182, 0, 0, 0, 0) -> (108, 117, 158, 182, 0, 0, 0, 0)  蒸发温度: (274, 318, 278, 279, 0, 1000, 280, 281, 278, 739) -> (274, 318, 278, 279, 0, 1000, 280, 281, 278, 740)
★ [15:14:11] 目标1-8: (108, 117, 158, 182, 0, 0, 0, 0) -> (108, 115, 158, 182, 0, 0, 0, 0)  当前1-8: (108, 117, 158, 182, 0, 0, 0, 0) -> (108, 115, 158, 182, 0, 0, 0, 0)  蒸发温度: (274, 318, 278, 279, 0, 1000, 280, 281, 278, 740) -> (275, 318, 278, 279, 0, 1000, 281, 281, 278, 739)
★ [15:14:13] 目标1-8: (108, 115, 158, 182, 0, 0, 0, 0) -> (106, 115, 157, 181, 0, 0, 0, 0)  当前1-8: (108, 115, 158, 182, 0, 0, 0, 0) -> (106, 115, 157, 181, 0, 0, 0, 0)  蒸发温度: (275, 318, 278, 279, 0, 1000, 281, 281, 278, 739) -> (275, 318, 278, 279, 0, 1000, 281, 281, 278, 740)
★ [15:14:15] 目标1-8: (106, 115, 157, 181, 0, 0, 0, 0) -> (106, 113, 157, 181, 0, 0, 0, 0)  当前1-8: (106, 115, 157, 181, 0, 0, 0, 0) -> (106, 113, 157, 181, 0, 0, 0, 0)  蒸发温度: (275, 318, 278, 279, 0, 1000, 281, 281, 278, 740) -> (275, 319, 278, 279, 0, 1000, 280, 281, 278, 740)
★ [15:14:17] 目标1-8: (106, 113, 157, 181, 0, 0, 0, 0) -> (104, 113, 157, 179, 0, 0, 0, 0)  当前1-8: (106, 113, 157, 181, 0, 0, 0, 0) -> (104, 113, 157, 179, 0, 0, 0, 0)  蒸发温度: (275, 319, 278, 279, 0, 1000, 280, 281, 278, 740) -> (275, 318, 278, 279, 0, 1000, 281, 281, 278, 739)
★ [15:14:19] 目标1-8: (104, 113, 157, 179, 0, 0, 0, 0) -> (104, 113, 155, 179, 0, 0, 0, 0)  当前1-8: (104, 113, 157, 179, 0, 0, 0, 0) -> (104, 113, 155, 179, 0, 0, 0, 0)  蒸发温度: (275, 318, 278, 279, 0, 1000, 281, 281, 278, 739) -> (274, 318, 278, 279, 0, 1000, 280, 281, 278, 739)
★ [15:14:21] 目标1-8: (104, 113, 155, 179, 0, 0, 0, 0) -> (104, 112, 155, 179, 0, 0, 0, 0)  当前1-8: (104, 113, 155, 179, 0, 0, 0, 0) -> (104, 112, 155, 179, 0, 0, 0, 0)  蒸发温度: (274, 318, 278, 279, 0, 1000, 280, 281, 278, 739) -> (274, 318, 278, 278, 0, 1000, 280, 281, 278, 740)
★ [15:14:23] 目标1-8: (104, 112, 155, 179, 0, 0, 0, 0) -> (102, 112, 155, 177, 0, 0, 0, 0)  当前1-8: (104, 112, 155, 179, 0, 0, 0, 0) -> (102, 112, 155, 177, 0, 0, 0, 0)  蒸发温度: (274, 318, 278, 278, 0, 1000, 280, 281, 278, 740) -> (275, 318, 278, 278, 0, 1000, 280, 281, 278, 739)
★ [15:14:25] 目标1-8: (102, 112, 155, 177, 0, 0, 0, 0) -> (102, 110, 154, 177, 0, 0, 0, 0)  当前1-8: (102, 112, 155, 177, 0, 0, 0, 0) -> (102, 110, 154, 177, 0, 0, 0, 0)  蒸发温度: (275, 318, 278, 278, 0, 1000, 280, 281, 278, 739) -> (275, 318, 279, 278, 0, 1000, 280, 281, 278, 740)
★ [15:14:27] 目标1-8: (102, 110, 154, 177, 0, 0, 0, 0) -> (100, 110, 154, 176, 0, 0, 0, 0)  当前1-8: (102, 110, 154, 177, 0, 0, 0, 0) -> (100, 110, 154, 176, 0, 0, 0, 0)  蒸发温度: (275, 318, 279, 278, 0, 1000, 280, 281, 278, 740) -> (275, 318, 279, 278, 0, 1000, 281, 281, 278, 740)
★ [15:14:29] 目标1-8: (100, 110, 154, 176, 0, 0, 0, 0) -> (100, 110, 152, 176, 0, 0, 0, 0)  当前1-8: (100, 110, 154, 176, 0, 0, 0, 0) -> (100, 110, 152, 176, 0, 0, 0, 0)  蒸发温度: (275, 318, 279, 278, 0, 1000, 281, 281, 278, 740) -> (275, 318, 279, 278, 0, 1000, 280, 281, 278, 739)
★ [15:14:31] 目标1-8: (100, 110, 152, 176, 0, 0, 0, 0) -> (100, 108, 152, 176, 0, 0, 0, 0)  当前1-8: (100, 110, 152, 176, 0, 0, 0, 0) -> (100, 108, 152, 176, 0, 0, 0, 0)  蒸发温度: (275, 318, 279, 278, 0, 1000, 280, 281, 278, 739) -> (276, 319, 279, 278, 0, 1000, 280, 281, 278, 740)
★ [15:14:33] 目标1-8: (100, 108, 152, 176, 0, 0, 0, 0) -> (98, 108, 152, 174, 0, 0, 0, 0)  当前1-8: (100, 108, 152, 176, 0, 0, 0, 0) -> (98, 108, 152, 174, 0, 0, 0, 0)  蒸发温度: (276, 319, 279, 278, 0, 1000, 280, 281, 278, 740) -> (276, 319, 279, 278, 0, 1000, 281, 281, 278, 740)
★ [15:14:35] 目标1-8: (98, 108, 152, 174, 0, 0, 0, 0) -> (98, 106, 150, 174, 0, 0, 0, 0)  当前1-8: (98, 108, 152, 174, 0, 0, 0, 0) -> (98, 106, 150, 174, 0, 0, 0, 0)  蒸发温度: (276, 319, 279, 278, 0, 1000, 281, 281, 278, 740) -> (276, 319, 279, 279, 0, 1000, 281, 281, 278, 739)
★ [15:14:37] 目标1-8: (98, 106, 150, 174, 0, 0, 0, 0) -> (96, 106, 150, 172, 0, 0, 0, 0)  当前1-8: (98, 106, 150, 174, 0, 0, 0, 0) -> (96, 106, 150, 172, 0, 0, 0, 0)  蒸发温度: (276, 319, 279, 279, 0, 1000, 281, 281, 278, 739) -> (276, 320, 280, 279, 0, 1000, 281, 281, 278, 740)
★ [15:14:39] 目标1-8: (96, 106, 150, 172, 0, 0, 0, 0) -> (96, 106, 149, 172, 0, 0, 0, 0)  当前1-8: (96, 106, 150, 172, 0, 0, 0, 0) -> (96, 106, 149, 172, 0, 0, 0, 0)  蒸发温度: (276, 320, 280, 279, 0, 1000, 281, 281, 278, 740) -> (277, 320, 280, 279, 0, 1000, 281, 281, 279, 740)
★ [15:14:41] 目标1-8: (96, 106, 149, 172, 0, 0, 0, 0) -> (96, 104, 149, 172, 0, 0, 0, 0)  当前1-8: (96, 106, 149, 172, 0, 0, 0, 0) -> (96, 104, 149, 172, 0, 0, 0, 0)
★ [15:14:43] 目标1-8: (96, 104, 149, 172, 0, 0, 0, 0) -> (94, 104, 149, 171, 0, 0, 0, 0)  当前1-8: (96, 104, 149, 172, 0, 0, 0, 0) -> (94, 104, 149, 171, 0, 0, 0, 0)  蒸发温度: (277, 320, 280, 279, 0, 1000, 281, 281, 279, 740) -> (277, 320, 280, 279, 0, 1000, 281, 282, 279, 740)
★ [15:14:45] 目标1-8: (94, 104, 149, 171, 0, 0, 0, 0) -> (94, 102, 147, 171, 0, 0, 0, 0)  当前1-8: (94, 104, 149, 171, 0, 0, 0, 0) -> (94, 102, 147, 171, 0, 0, 0, 0)  蒸发温度: (277, 320, 280, 279, 0, 1000, 281, 282, 279, 740) -> (277, 321, 280, 280, 0, 1000, 281, 282, 279, 740)
★ [15:14:47] 目标1-8: (94, 102, 147, 171, 0, 0, 0, 0) -> (92, 102, 147, 169, 0, 0, 0, 0)  当前1-8: (94, 102, 147, 171, 0, 0, 0, 0) -> (92, 102, 147, 169, 0, 0, 0, 0)  蒸发温度: (277, 321, 280, 280, 0, 1000, 281, 282, 279, 740) -> (277, 321, 280, 280, 0, 1000, 282, 282, 279, 739)
★ [15:14:49] 目标1-8: (92, 102, 147, 169, 0, 0, 0, 0) -> (92, 102, 146, 169, 0, 0, 0, 0)  当前1-8: (92, 102, 147, 169, 0, 0, 0, 0) -> (92, 102, 146, 169, 0, 0, 0, 0)  蒸发温度: (277, 321, 280, 280, 0, 1000, 282, 282, 279, 739) -> (278, 321, 280, 280, 0, 1000, 282, 282, 279, 739)
★ [15:14:51] 目标1-8: (92, 102, 146, 169, 0, 0, 0, 0) -> (92, 100, 146, 169, 0, 0, 0, 0)  当前1-8: (92, 102, 146, 169, 0, 0, 0, 0) -> (92, 100, 146, 169, 0, 0, 0, 0)  蒸发温度: (278, 321, 280, 280, 0, 1000, 282, 282, 279, 739) -> (278, 321, 281, 280, 0, 1000, 282, 282, 279, 739)
★ [15:14:53] 目标1-8: (92, 100, 146, 169, 0, 0, 0, 0) -> (90, 100, 146, 167, 0, 0, 0, 0)  当前1-8: (92, 100, 146, 169, 0, 0, 0, 0) -> (90, 100, 146, 167, 0, 0, 0, 0)  蒸发温度: (278, 321, 281, 280, 0, 1000, 282, 282, 279, 739) -> (278, 321, 281, 281, 0, 1000, 282, 282, 279, 739)
★ [15:14:55] 目标1-8: (90, 100, 146, 167, 0, 0, 0, 0) -> (90, 98, 144, 167, 0, 0, 0, 0)  当前1-8: (90, 100, 146, 167, 0, 0, 0, 0) -> (90, 98, 144, 167, 0, 0, 0, 0)  蒸发温度: (278, 321, 281, 281, 0, 1000, 282, 282, 279, 739) -> (278, 321, 281, 280, 0, 1000, 282, 282, 279, 739)
★ [15:14:57] 目标1-8: (90, 98, 144, 167, 0, 0, 0, 0) -> (88, 98, 144, 166, 0, 0, 0, 0)  当前1-8: (90, 98, 144, 167, 0, 0, 0, 0) -> (88, 98, 144, 166, 0, 0, 0, 0)  蒸发温度: (278, 321, 281, 280, 0, 1000, 282, 282, 279, 739) -> (278, 321, 281, 281, 0, 1000, 282, 282, 279, 740)
★ [15:14:59] 目标1-8: (88, 98, 144, 166, 0, 0, 0, 0) -> (88, 98, 142, 166, 0, 0, 0, 0)  当前1-8: (88, 98, 144, 166, 0, 0, 0, 0) -> (88, 98, 142, 166, 0, 0, 0, 0)
★ [15:15:01] 目标1-8: (88, 98, 142, 166, 0, 0, 0, 0) -> (88, 96, 142, 166, 0, 0, 0, 0)  当前1-8: (88, 98, 142, 166, 0, 0, 0, 0) -> (88, 96, 142, 166, 0, 0, 0, 0)  蒸发温度: (278, 321, 281, 281, 0, 1000, 282, 282, 279, 740) -> (278, 321, 281, 280, 0, 1000, 282, 282, 279, 740)
★ [15:15:03] 目标1-8: (88, 96, 142, 166, 0, 0, 0, 0) -> (87, 96, 142, 164, 0, 0, 0, 0)  当前1-8: (88, 96, 142, 166, 0, 0, 0, 0) -> (87, 96, 142, 164, 0, 0, 0, 0)  蒸发温度: (278, 321, 281, 280, 0, 1000, 282, 282, 279, 740) -> (278, 322, 281, 280, 0, 1000, 282, 282, 280, 740)
★ [15:15:05] 目标1-8: (87, 96, 142, 164, 0, 0, 0, 0) -> (87, 94, 141, 164, 0, 0, 0, 0)  当前1-8: (87, 96, 142, 164, 0, 0, 0, 0) -> (87, 94, 141, 164, 0, 0, 0, 0)  蒸发温度: (278, 322, 281, 280, 0, 1000, 282, 282, 280, 740) -> (278, 322, 281, 281, 0, 1000, 282, 282, 279, 739)
★ [15:15:07] 目标1-8: (87, 94, 141, 164, 0, 0, 0, 0) -> (85, 94, 141, 162, 0, 0, 0, 0)  当前1-8: (87, 94, 141, 164, 0, 0, 0, 0) -> (85, 94, 141, 162, 0, 0, 0, 0)  蒸发温度: (278, 322, 281, 281, 0, 1000, 282, 282, 279, 739) -> (278, 322, 281, 281, 0, 1000, 282, 282, 280, 739)
★ [15:15:09] 目标1-8: (85, 94, 141, 162, 0, 0, 0, 0) -> (85, 94, 139, 162, 0, 0, 0, 0)  当前1-8: (85, 94, 141, 162, 0, 0, 0, 0) -> (85, 94, 139, 162, 0, 0, 0, 0)  蒸发温度: (278, 322, 281, 281, 0, 1000, 282, 282, 280, 739) -> (278, 321, 281, 281, 0, 1000, 282, 282, 280, 739)
★ [15:15:11] 目标1-8: (85, 94, 139, 162, 0, 0, 0, 0) -> (85, 92, 139, 162, 0, 0, 0, 0)  当前1-8: (85, 94, 139, 162, 0, 0, 0, 0) -> (85, 92, 139, 162, 0, 0, 0, 0)  蒸发温度: (278, 321, 281, 281, 0, 1000, 282, 282, 280, 739) -> (278, 321, 281, 281, 0, 1000, 282, 282, 279, 740)
★ [15:15:13] 目标1-8: (85, 92, 139, 162, 0, 0, 0, 0) -> (83, 92, 139, 161, 0, 0, 0, 0)  当前1-8: (85, 92, 139, 162, 0, 0, 0, 0) -> (83, 92, 139, 161, 0, 0, 0, 0)  蒸发温度: (278, 321, 281, 281, 0, 1000, 282, 282, 279, 740) -> (278, 322, 281, 281, 0, 1000, 282, 283, 280, 740)
★ [15:15:15] 目标1-8: (83, 92, 139, 161, 0, 0, 0, 0) -> (83, 90, 138, 161, 0, 0, 0, 0)  当前1-8: (83, 92, 139, 161, 0, 0, 0, 0) -> (83, 90, 138, 161, 0, 0, 0, 0)  蒸发温度: (278, 322, 281, 281, 0, 1000, 282, 283, 280, 740) -> (278, 322, 281, 281, 0, 1000, 283, 283, 280, 739)
★ [15:15:17] 目标1-8: (83, 90, 138, 161, 0, 0, 0, 0) -> (81, 90, 138, 159, 0, 0, 0, 0)  当前1-8: (83, 90, 138, 161, 0, 0, 0, 0) -> (81, 90, 138, 159, 0, 0, 0, 0)  蒸发温度: (278, 322, 281, 281, 0, 1000, 283, 283, 280, 739) -> (279, 322, 281, 281, 0, 1000, 283, 283, 280, 740)
★ [15:15:19] 目标1-8: (81, 90, 138, 159, 0, 0, 0, 0) -> (81, 90, 136, 159, 0, 0, 0, 0)  当前1-8: (81, 90, 138, 159, 0, 0, 0, 0) -> (81, 90, 136, 159, 0, 0, 0, 0)
★ [15:15:21] 目标1-8: (81, 90, 136, 159, 0, 0, 0, 0) -> (81, 88, 136, 159, 0, 0, 0, 0)  当前1-8: (81, 90, 136, 159, 0, 0, 0, 0) -> (81, 88, 136, 159, 0, 0, 0, 0)
★ [15:15:23] 目标1-8: (81, 88, 136, 159, 0, 0, 0, 0) -> (79, 88, 136, 157, 0, 0, 0, 0)  当前1-8: (81, 88, 136, 159, 0, 0, 0, 0) -> (79, 88, 136, 157, 0, 0, 0, 0)  蒸发温度: (279, 322, 281, 281, 0, 1000, 283, 283, 280, 740) -> (279, 322, 281, 282, 0, 1000, 283, 283, 280, 740)
★ [15:15:25] 目标1-8: (79, 88, 136, 157, 0, 0, 0, 0) -> (79, 87, 134, 157, 0, 0, 0, 0)  当前1-8: (79, 88, 136, 157, 0, 0, 0, 0) -> (79, 87, 134, 157, 0, 0, 0, 0)  蒸发温度: (279, 322, 281, 282, 0, 1000, 283, 283, 280, 740) -> (279, 323, 281, 281, 0, 1000, 283, 283, 280, 739)
★ [15:15:27] 目标1-8: (79, 87, 134, 157, 0, 0, 0, 0) -> (77, 87, 134, 156, 0, 0, 0, 0)  当前1-8: (79, 87, 134, 157, 0, 0, 0, 0) -> (77, 87, 134, 156, 0, 0, 0, 0)  蒸发温度: (279, 323, 281, 281, 0, 1000, 283, 283, 280, 739) -> (279, 323, 281, 282, 0, 1000, 283, 284, 280, 740)
★ [15:15:29] 目标1-8: (77, 87, 134, 156, 0, 0, 0, 0) -> (77, 87, 133, 156, 0, 0, 0, 0)  当前1-8: (77, 87, 134, 156, 0, 0, 0, 0) -> (77, 87, 133, 156, 0, 0, 0, 0)  蒸发温度: (279, 323, 281, 282, 0, 1000, 283, 284, 280, 740) -> (279, 323, 281, 282, 0, 1000, 284, 284, 280, 740)
★ [15:15:31] 目标1-8: (77, 87, 133, 156, 0, 0, 0, 0) -> (77, 85, 133, 156, 0, 0, 0, 0)  当前1-8: (77, 87, 133, 156, 0, 0, 0, 0) -> (77, 85, 133, 156, 0, 0, 0, 0)  蒸发温度: (279, 323, 281, 282, 0, 1000, 284, 284, 280, 740) -> (279, 323, 282, 282, 0, 1000, 283, 284, 280, 740)
★ [15:15:33] 目标1-8: (77, 85, 133, 156, 0, 0, 0, 0) -> (75, 85, 133, 154, 0, 0, 0, 0)  当前1-8: (77, 85, 133, 156, 0, 0, 0, 0) -> (75, 85, 133, 154, 0, 0, 0, 0)  蒸发温度: (279, 323, 282, 282, 0, 1000, 283, 284, 280, 740) -> (280, 323, 282, 282, 0, 1000, 284, 284, 281, 740)
★ [15:15:35] 目标1-8: (75, 85, 133, 154, 0, 0, 0, 0) -> (75, 83, 131, 154, 0, 0, 0, 0)  当前1-8: (75, 85, 133, 154, 0, 0, 0, 0) -> (75, 83, 131, 154, 0, 0, 0, 0)  蒸发温度: (280, 323, 282, 282, 0, 1000, 284, 284, 281, 740) -> (279, 323, 282, 281, 0, 1000, 284, 284, 281, 739)
★ [15:15:37] 目标1-8: (75, 83, 131, 154, 0, 0, 0, 0) -> (73, 83, 131, 153, 0, 0, 0, 0)  当前1-8: (75, 83, 131, 154, 0, 0, 0, 0) -> (73, 83, 131, 153, 0, 0, 0, 0)  蒸发温度: (279, 323, 282, 281, 0, 1000, 284, 284, 281, 739) -> (279, 322, 282, 281, 0, 1000, 284, 284, 281, 739)
★ [15:15:39] 目标1-8: (73, 83, 131, 153, 0, 0, 0, 0) -> (73, 83, 130, 153, 0, 0, 0, 0)  当前1-8: (73, 83, 131, 153, 0, 0, 0, 0) -> (73, 83, 130, 153, 0, 0, 0, 0)  蒸发温度: (279, 322, 282, 281, 0, 1000, 284, 284, 281, 739) -> (279, 323, 282, 281, 0, 1000, 284, 284, 281, 740)
★ [15:15:41] 目标1-8: (73, 83, 130, 153, 0, 0, 0, 0) -> (73, 81, 130, 153, 0, 0, 0, 0)  当前1-8: (73, 83, 130, 153, 0, 0, 0, 0) -> (73, 81, 130, 153, 0, 0, 0, 0)  蒸发温度: (279, 323, 282, 281, 0, 1000, 284, 284, 281, 740) -> (280, 323, 281, 281, 0, 1000, 284, 284, 281, 740)
★ [15:15:43] 目标1-8: (73, 81, 130, 153, 0, 0, 0, 0) -> (71, 81, 130, 151, 0, 0, 0, 0)  当前1-8: (73, 81, 130, 153, 0, 0, 0, 0) -> (71, 81, 130, 151, 0, 0, 0, 0)  蒸发温度: (280, 323, 281, 281, 0, 1000, 284, 284, 281, 740) -> (279, 323, 282, 281, 0, 1000, 284, 284, 281, 739)
★ [15:15:45] 目标1-8: (71, 81, 130, 151, 0, 0, 0, 0) -> (71, 79, 128, 151, 0, 0, 0, 0)  当前1-8: (71, 81, 130, 151, 0, 0, 0, 0) -> (71, 79, 128, 151, 0, 0, 0, 0)  蒸发温度: (279, 323, 282, 281, 0, 1000, 284, 284, 281, 739) -> (280, 323, 282, 281, 0, 1000, 284, 284, 281, 740)
★ [15:15:47] 目标1-8: (71, 79, 128, 151, 0, 0, 0, 0) -> (69, 79, 128, 149, 0, 0, 0, 0)  当前1-8: (71, 79, 128, 151, 0, 0, 0, 0) -> (69, 79, 128, 149, 0, 0, 0, 0)  蒸发温度: (280, 323, 282, 281, 0, 1000, 284, 284, 281, 740) -> (280, 323, 282, 281, 0, 1000, 284, 285, 281, 740)
★ [15:15:49] 目标1-8: (69, 79, 128, 149, 0, 0, 0, 0) -> (69, 79, 126, 149, 0, 0, 0, 0)  当前1-8: (69, 79, 128, 149, 0, 0, 0, 0) -> (69, 79, 126, 149, 0, 0, 0, 0)  蒸发温度: (280, 323, 282, 281, 0, 1000, 284, 285, 281, 740) -> (280, 323, 282, 280, 0, 1000, 284, 284, 281, 740)
★ [15:15:51] 目标1-8: (69, 79, 126, 149, 0, 0, 0, 0) -> (69, 77, 126, 149, 0, 0, 0, 0)  当前1-8: (69, 79, 126, 149, 0, 0, 0, 0) -> (69, 77, 126, 149, 0, 0, 0, 0)  蒸发温度: (280, 323, 282, 280, 0, 1000, 284, 284, 281, 740) -> (279, 323, 282, 280, 0, 1000, 284, 284, 281, 739)
★ [15:15:53] 目标1-8: (69, 77, 126, 149, 0, 0, 0, 0) -> (67, 77, 126, 148, 0, 0, 0, 0)  当前1-8: (69, 77, 126, 149, 0, 0, 0, 0) -> (67, 77, 126, 148, 0, 0, 0, 0)  蒸发温度: (279, 323, 282, 280, 0, 1000, 284, 284, 281, 739) -> (280, 323, 282, 280, 0, 1000, 284, 284, 281, 740)
★ [15:15:55] 目标1-8: (67, 77, 126, 148, 0, 0, 0, 0) -> (67, 75, 125, 148, 0, 0, 0, 0)  当前1-8: (67, 77, 126, 148, 0, 0, 0, 0) -> (67, 75, 125, 148, 0, 0, 0, 0)  蒸发温度: (280, 323, 282, 280, 0, 1000, 284, 284, 281, 740) -> (279, 323, 282, 281, 0, 1000, 284, 284, 281, 739)
★ [15:15:57] 目标1-8: (67, 75, 125, 148, 0, 0, 0, 0) -> (65, 75, 125, 146, 0, 0, 0, 0)  当前1-8: (67, 75, 125, 148, 0, 0, 0, 0) -> (65, 75, 125, 146, 0, 0, 0, 0)  蒸发温度: (279, 323, 282, 281, 0, 1000, 284, 284, 281, 739) -> (280, 323, 282, 281, 0, 1000, 284, 285, 281, 740)
★ [15:15:59] 目标1-8: (65, 75, 125, 146, 0, 0, 0, 0) -> (65, 75, 123, 146, 0, 0, 0, 0)  当前1-8: (65, 75, 125, 146, 0, 0, 0, 0) -> (65, 75, 123, 146, 0, 0, 0, 0)  蒸发温度: (280, 323, 282, 281, 0, 1000, 284, 285, 281, 740) -> (280, 323, 282, 281, 0, 1000, 285, 285, 281, 739)
★ [15:16:01] 目标1-8: (65, 75, 123, 146, 0, 0, 0, 0) -> (65, 73, 123, 146, 0, 0, 0, 0)  当前1-8: (65, 75, 123, 146, 0, 0, 0, 0) -> (65, 73, 123, 146, 0, 0, 0, 0)  蒸发温度: (280, 323, 282, 281, 0, 1000, 285, 285, 281, 739) -> (280, 323, 282, 281, 0, 1000, 284, 285, 281, 740)
★ [15:16:03] 目标1-8: (65, 73, 123, 146, 0, 0, 0, 0) -> (63, 73, 123, 144, 0, 0, 0, 0)  当前1-8: (65, 73, 123, 146, 0, 0, 0, 0) -> (63, 73, 123, 144, 0, 0, 0, 0)  蒸发温度: (280, 323, 282, 281, 0, 1000, 284, 285, 281, 740) -> (280, 323, 282, 281, 0, 1000, 285, 285, 281, 739)
★ [15:16:05] 目标1-8: (63, 73, 123, 144, 0, 0, 0, 0) -> (63, 71, 122, 144, 0, 0, 0, 0)  当前1-8: (63, 73, 123, 144, 0, 0, 0, 0) -> (63, 71, 122, 144, 0, 0, 0, 0)
★ [15:16:07] 目标1-8: (63, 71, 122, 144, 0, 0, 0, 0) -> (62, 71, 122, 143, 0, 0, 0, 0)  当前1-8: (63, 71, 122, 144, 0, 0, 0, 0) -> (62, 71, 122, 143, 0, 0, 0, 0)  蒸发温度: (280, 323, 282, 281, 0, 1000, 285, 285, 281, 739) -> (280, 324, 282, 281, 0, 1000, 285, 285, 281, 739)
★ [15:16:09] 目标1-8: (62, 71, 122, 143, 0, 0, 0, 0) -> (62, 71, 120, 143, 0, 0, 0, 0)  当前1-8: (62, 71, 122, 143, 0, 0, 0, 0) -> (62, 71, 120, 143, 0, 0, 0, 0)  蒸发温度: (280, 324, 282, 281, 0, 1000, 285, 285, 281, 739) -> (280, 324, 282, 281, 0, 1000, 285, 285, 282, 739)
★ [15:16:11] 目标1-8: (62, 71, 120, 143, 0, 0, 0, 0) -> (62, 69, 120, 143, 0, 0, 0, 0)  当前1-8: (62, 71, 120, 143, 0, 0, 0, 0) -> (62, 69, 120, 143, 0, 0, 0, 0)  蒸发温度: (280, 324, 282, 281, 0, 1000, 285, 285, 282, 739) -> (280, 324, 282, 282, 0, 1000, 285, 285, 282, 739)
★ [15:16:13] 目标1-8: (62, 69, 120, 143, 0, 0, 0, 0) -> (60, 69, 120, 141, 0, 0, 0, 0)  当前1-8: (62, 69, 120, 143, 0, 0, 0, 0) -> (60, 69, 120, 141, 0, 0, 0, 0)  蒸发温度: (280, 324, 282, 282, 0, 1000, 285, 285, 282, 739) -> (280, 324, 282, 281, 0, 1000, 285, 285, 282, 739)
★ [15:16:15] 目标1-8: (60, 69, 120, 141, 0, 0, 0, 0) -> (60, 67, 118, 141, 0, 0, 0, 0)  当前1-8: (60, 69, 120, 141, 0, 0, 0, 0) -> (60, 67, 118, 141, 0, 0, 0, 0)  蒸发温度: (280, 324, 282, 281, 0, 1000, 285, 285, 282, 739) -> (279, 324, 282, 280, 0, 1000, 285, 285, 281, 739)
★ [15:16:17] 目标1-8: (60, 67, 118, 141, 0, 0, 0, 0) -> (58, 67, 118, 139, 0, 0, 0, 0)  当前1-8: (60, 67, 118, 141, 0, 0, 0, 0) -> (58, 67, 118, 139, 0, 0, 0, 0)  蒸发温度: (279, 324, 282, 280, 0, 1000, 285, 285, 281, 739) -> (279, 323, 282, 280, 0, 1000, 285, 285, 281, 739)
★ [15:16:19] 目标1-8: (58, 67, 118, 139, 0, 0, 0, 0) -> (58, 67, 117, 139, 0, 0, 0, 0)  当前1-8: (58, 67, 118, 139, 0, 0, 0, 0) -> (58, 67, 117, 139, 0, 0, 0, 0)  蒸发温度: (279, 323, 282, 280, 0, 1000, 285, 285, 281, 739) -> (279, 323, 282, 280, 0, 1000, 285, 285, 281, 740)
★ [15:16:21] 目标1-8: (58, 67, 117, 139, 0, 0, 0, 0) -> (58, 65, 117, 139, 0, 0, 0, 0)  当前1-8: (58, 67, 117, 139, 0, 0, 0, 0) -> (58, 65, 117, 139, 0, 0, 0, 0)  蒸发温度: (279, 323, 282, 280, 0, 1000, 285, 285, 281, 740) -> (279, 323, 282, 280, 0, 1000, 285, 284, 281, 740)
★ [15:16:23] 目标1-8: (58, 65, 117, 139, 0, 0, 0, 0) -> (56, 65, 117, 138, 0, 0, 0, 0)  当前1-8: (58, 65, 117, 139, 0, 0, 0, 0) -> (56, 65, 117, 138, 0, 0, 0, 0)  蒸发温度: (279, 323, 282, 280, 0, 1000, 285, 284, 281, 740) -> (279, 323, 282, 279, 0, 1000, 285, 285, 281, 739)
★ [15:16:25] 目标1-8: (56, 65, 117, 138, 0, 0, 0, 0) -> (56, 63, 115, 138, 0, 0, 0, 0)  当前1-8: (56, 65, 117, 138, 0, 0, 0, 0) -> (56, 63, 115, 138, 0, 0, 0, 0)  蒸发温度: (279, 323, 282, 279, 0, 1000, 285, 285, 281, 739) -> (279, 322, 282, 279, 0, 1000, 285, 285, 281, 740)
★ [15:16:27] 目标1-8: (56, 63, 115, 138, 0, 0, 0, 0) -> (54, 63, 115, 136, 0, 0, 0, 0)  当前1-8: (56, 63, 115, 138, 0, 0, 0, 0) -> (54, 63, 115, 136, 0, 0, 0, 0)
★ [15:16:29] 目标1-8: (54, 63, 115, 136, 0, 0, 0, 0) -> (54, 63, 114, 136, 0, 0, 0, 0)  当前1-8: (54, 63, 115, 136, 0, 0, 0, 0) -> (54, 63, 114, 136, 0, 0, 0, 0)
★ [15:16:31] 目标1-8: (54, 63, 114, 136, 0, 0, 0, 0) -> (54, 62, 114, 136, 0, 0, 0, 0)  当前1-8: (54, 63, 114, 136, 0, 0, 0, 0) -> (54, 62, 114, 136, 0, 0, 0, 0)  蒸发温度: (279, 322, 282, 279, 0, 1000, 285, 285, 281, 740) -> (279, 322, 282, 279, 0, 1000, 285, 285, 281, 739)
★ [15:16:33] 目标1-8: (54, 62, 114, 136, 0, 0, 0, 0) -> (52, 62, 114, 134, 0, 0, 0, 0)  当前1-8: (54, 62, 114, 136, 0, 0, 0, 0) -> (52, 62, 114, 134, 0, 0, 0, 0)  蒸发温度: (279, 322, 282, 279, 0, 1000, 285, 285, 281, 739) -> (279, 323, 282, 279, 0, 1000, 284, 285, 281, 740)
★ [15:16:35] 目标1-8: (52, 62, 114, 134, 0, 0, 0, 0) -> (52, 60, 112, 134, 0, 0, 0, 0)  当前1-8: (52, 62, 114, 134, 0, 0, 0, 0) -> (52, 60, 112, 134, 0, 0, 0, 0)  蒸发温度: (279, 323, 282, 279, 0, 1000, 284, 285, 281, 740) -> (279, 323, 282, 279, 0, 1000, 285, 285, 281, 739)
★ [15:16:37] 目标1-8: (52, 60, 112, 134, 0, 0, 0, 0) -> (50, 60, 112, 133, 0, 0, 0, 0)  当前1-8: (52, 60, 112, 134, 0, 0, 0, 0) -> (50, 60, 112, 133, 0, 0, 0, 0)  蒸发温度: (279, 323, 282, 279, 0, 1000, 285, 285, 281, 739) -> (279, 323, 282, 280, 0, 1000, 285, 285, 281, 740)
★ [15:16:39] 目标1-8: (50, 60, 112, 133, 0, 0, 0, 0) -> (50, 60, 110, 133, 0, 0, 0, 0)  当前1-8: (50, 60, 112, 133, 0, 0, 0, 0) -> (50, 60, 110, 133, 0, 0, 0, 0)  蒸发温度: (279, 323, 282, 280, 0, 1000, 285, 285, 281, 740) -> (279, 323, 282, 280, 0, 1000, 284, 285, 281, 740)
★ [15:16:41] 目标1-8: (50, 60, 110, 133, 0, 0, 0, 0) -> (50, 58, 110, 133, 0, 0, 0, 0)  当前1-8: (50, 60, 110, 133, 0, 0, 0, 0) -> (50, 58, 110, 133, 0, 0, 0, 0)  蒸发温度: (279, 323, 282, 280, 0, 1000, 284, 285, 281, 740) -> (279, 323, 282, 280, 0, 1000, 285, 285, 281, 739)
★ [15:16:43] 目标1-8: (50, 58, 110, 133, 0, 0, 0, 0) -> (48, 58, 110, 131, 0, 0, 0, 0)  当前1-8: (50, 58, 110, 133, 0, 0, 0, 0) -> (48, 58, 110, 131, 0, 0, 0, 0)  蒸发温度: (279, 323, 282, 280, 0, 1000, 285, 285, 281, 739) -> (279, 323, 282, 280, 0, 1000, 284, 285, 281, 740)
★ [15:16:45] 目标1-8: (48, 58, 110, 131, 0, 0, 0, 0) -> (48, 56, 109, 131, 0, 0, 0, 0)  当前1-8: (48, 58, 110, 131, 0, 0, 0, 0) -> (48, 56, 109, 131, 0, 0, 0, 0)  蒸发温度: (279, 323, 282, 280, 0, 1000, 284, 285, 281, 740) -> (279, 323, 282, 280, 0, 1000, 285, 285, 281, 739)
★ [15:16:47] 目标1-8: (48, 56, 109, 131, 0, 0, 0, 0) -> (46, 56, 109, 129, 0, 0, 0, 0)  当前1-8: (48, 56, 109, 131, 0, 0, 0, 0) -> (46, 56, 109, 129, 0, 0, 0, 0)  蒸发温度: (279, 323, 282, 280, 0, 1000, 285, 285, 281, 739) -> (280, 324, 282, 280, 0, 1000, 285, 285, 281, 740)
★ [15:16:49] 目标1-8: (46, 56, 109, 129, 0, 0, 0, 0) -> (46, 56, 107, 129, 0, 0, 0, 0)  当前1-8: (46, 56, 109, 129, 0, 0, 0, 0) -> (46, 56, 107, 129, 0, 0, 0, 0)  蒸发温度: (280, 324, 282, 280, 0, 1000, 285, 285, 281, 740) -> (280, 324, 282, 281, 0, 1000, 285, 285, 282, 740)
★ [15:16:51] 目标1-8: (46, 56, 107, 129, 0, 0, 0, 0) -> (46, 54, 107, 129, 0, 0, 0, 0)  当前1-8: (46, 56, 107, 129, 0, 0, 0, 0) -> (46, 54, 107, 129, 0, 0, 0, 0)
★ [15:16:53] 目标1-8: (46, 54, 107, 129, 0, 0, 0, 0) -> (44, 54, 107, 128, 0, 0, 0, 0)  当前1-8: (46, 54, 107, 129, 0, 0, 0, 0) -> (44, 54, 107, 128, 0, 0, 0, 0)  蒸发温度: (280, 324, 282, 281, 0, 1000, 285, 285, 282, 740) -> (280, 324, 283, 281, 0, 1000, 285, 285, 282, 739)
★ [15:16:55] 目标1-8: (44, 54, 107, 128, 0, 0, 0, 0) -> (44, 52, 106, 128, 0, 0, 0, 0)  当前1-8: (44, 54, 107, 128, 0, 0, 0, 0) -> (44, 52, 106, 128, 0, 0, 0, 0)  蒸发温度: (280, 324, 283, 281, 0, 1000, 285, 285, 282, 739) -> (280, 324, 283, 280, 0, 1000, 285, 285, 282, 739)
★ [15:16:57] 目标1-8: (44, 52, 106, 128, 0, 0, 0, 0) -> (42, 52, 106, 126, 0, 0, 0, 0)  当前1-8: (44, 52, 106, 128, 0, 0, 0, 0) -> (42, 52, 106, 126, 0, 0, 0, 0)  蒸发温度: (280, 324, 283, 280, 0, 1000, 285, 285, 282, 739) -> (280, 324, 283, 280, 0, 1000, 285, 285, 282, 740)
★ [15:16:59] 目标1-8: (42, 52, 106, 126, 0, 0, 0, 0) -> (42, 52, 104, 126, 0, 0, 0, 0)  当前1-8: (42, 52, 106, 126, 0, 0, 0, 0) -> (42, 52, 104, 126, 0, 0, 0, 0)  蒸发温度: (280, 324, 283, 280, 0, 1000, 285, 285, 282, 740) -> (280, 324, 283, 280, 0, 1000, 285, 285, 282, 739)
★ [15:17:02] 目标1-8: (42, 52, 104, 126, 0, 0, 0, 0) -> (42, 50, 104, 126, 0, 0, 0, 0)  当前1-8: (42, 52, 104, 126, 0, 0, 0, 0) -> (42, 50, 104, 126, 0, 0, 0, 0)  蒸发温度: (280, 324, 283, 280, 0, 1000, 285, 285, 282, 739) -> (280, 324, 283, 281, 0, 1000, 286, 285, 282, 740)
★ [15:17:03] 目标1-8: (42, 50, 104, 126, 0, 0, 0, 0) -> (40, 50, 104, 124, 0, 0, 0, 0)  当前1-8: (42, 50, 104, 126, 0, 0, 0, 0) -> (40, 50, 104, 124, 0, 0, 0, 0)
★ [15:17:05] 目标1-8: (40, 50, 104, 124, 0, 0, 0, 0) -> (40, 48, 102, 124, 0, 0, 0, 0)  当前1-8: (40, 50, 104, 124, 0, 0, 0, 0) -> (40, 48, 102, 124, 0, 0, 0, 0)  蒸发温度: (280, 324, 283, 281, 0, 1000, 286, 285, 282, 740) -> (280, 324, 283, 281, 0, 1000, 286, 286, 282, 739)
★ [15:17:07] 目标1-8: (40, 48, 102, 124, 0, 0, 0, 0) -> (38, 48, 102, 123, 0, 0, 0, 0)  当前1-8: (40, 48, 102, 124, 0, 0, 0, 0) -> (38, 48, 102, 123, 0, 0, 0, 0)  蒸发温度: (280, 324, 283, 281, 0, 1000, 286, 286, 282, 739) -> (280, 324, 283, 281, 0, 1000, 286, 286, 282, 740)
★ [15:17:10] 目标1-8: (38, 48, 102, 123, 0, 0, 0, 0) -> (38, 48, 101, 123, 0, 0, 0, 0)  当前1-8: (38, 48, 102, 123, 0, 0, 0, 0) -> (38, 48, 101, 123, 0, 0, 0, 0)  蒸发温度: (280, 324, 283, 281, 0, 1000, 286, 286, 282, 740) -> (280, 325, 283, 281, 0, 1000, 286, 286, 282, 740)
★ [15:17:12] 目标1-8: (38, 48, 101, 123, 0, 0, 0, 0) -> (38, 46, 101, 123, 0, 0, 0, 0)  当前1-8: (38, 48, 101, 123, 0, 0, 0, 0) -> (38, 46, 101, 123, 0, 0, 0, 0)  蒸发温度: (280, 325, 283, 281, 0, 1000, 286, 286, 282, 740) -> (280, 324, 283, 281, 0, 1000, 286, 286, 282, 740)
★ [15:17:14] 目标1-8: (38, 46, 101, 123, 0, 0, 0, 0) -> (36, 46, 101, 121, 0, 0, 0, 0)  当前1-8: (38, 46, 101, 123, 0, 0, 0, 0) -> (36, 46, 101, 121, 0, 0, 0, 0)  蒸发温度: (280, 324, 283, 281, 0, 1000, 286, 286, 282, 740) -> (280, 325, 283, 281, 0, 1000, 286, 286, 282, 740)
★ [15:17:16] 目标1-8: (36, 46, 101, 121, 0, 0, 0, 0) -> (36, 44, 99, 121, 0, 0, 0, 0)  当前1-8: (36, 46, 101, 121, 0, 0, 0, 0) -> (36, 44, 99, 121, 0, 0, 0, 0)
★ [15:17:18] 目标1-8: (36, 44, 99, 121, 0, 0, 0, 0) -> (35, 44, 99, 120, 0, 0, 0, 0)  当前1-8: (36, 44, 99, 121, 0, 0, 0, 0) -> (35, 44, 99, 120, 0, 0, 0, 0)  蒸发温度: (280, 325, 283, 281, 0, 1000, 286, 286, 282, 740) -> (280, 325, 283, 281, 0, 1000, 286, 286, 282, 739)
★ [15:17:20] 目标1-8: (35, 44, 99, 120, 0, 0, 0, 0) -> (35, 44, 98, 120, 0, 0, 0, 0)  当前1-8: (35, 44, 99, 120, 0, 0, 0, 0) -> (35, 44, 98, 120, 0, 0, 0, 0)  蒸发温度: (280, 325, 283, 281, 0, 1000, 286, 286, 282, 739) -> (280, 324, 283, 281, 0, 1000, 286, 286, 282, 739)
★ [15:17:22] 目标1-8: (35, 44, 98, 120, 0, 0, 0, 0) -> (35, 42, 98, 120, 0, 0, 0, 0)  当前1-8: (35, 44, 98, 120, 0, 0, 0, 0) -> (35, 42, 98, 120, 0, 0, 0, 0)  蒸发温度: (280, 324, 283, 281, 0, 1000, 286, 286, 282, 739) -> (280, 324, 283, 281, 0, 1000, 286, 286, 282, 740)
★ [15:17:24] 目标1-8: (35, 42, 98, 120, 0, 0, 0, 0) -> (33, 42, 98, 118, 0, 0, 0, 0)  当前1-8: (35, 42, 98, 120, 0, 0, 0, 0) -> (33, 42, 98, 118, 0, 0, 0, 0)  蒸发温度: (280, 324, 283, 281, 0, 1000, 286, 286, 282, 740) -> (280, 324, 283, 280, 0, 1000, 286, 286, 282, 739)
★ [15:17:26] 目标1-8: (33, 42, 98, 118, 0, 0, 0, 0) -> (33, 40, 96, 118, 0, 0, 0, 0)  当前1-8: (33, 42, 98, 118, 0, 0, 0, 0) -> (33, 40, 96, 118, 0, 0, 0, 0)  蒸发温度: (280, 324, 283, 280, 0, 1000, 286, 286, 282, 739) -> (280, 324, 283, 280, 0, 1000, 286, 286, 282, 740)
★ [15:17:28] 目标1-8: (33, 40, 96, 118, 0, 0, 0, 0) -> (31, 40, 96, 116, 0, 0, 0, 0)  当前1-8: (33, 40, 96, 118, 0, 0, 0, 0) -> (31, 40, 96, 116, 0, 0, 0, 0)  蒸发温度: (280, 324, 283, 280, 0, 1000, 286, 286, 282, 740) -> (280, 324, 283, 281, 0, 1000, 286, 286, 282, 740)
★ [15:17:30] 目标1-8: (31, 40, 96, 116, 0, 0, 0, 0) -> (31, 40, 94, 116, 0, 0, 0, 0)  当前1-8: (31, 40, 96, 116, 0, 0, 0, 0) -> (31, 40, 94, 116, 0, 0, 0, 0)  蒸发温度: (280, 324, 283, 281, 0, 1000, 286, 286, 282, 740) -> (280, 324, 283, 281, 0, 1000, 287, 286, 282, 740)
★ [15:17:32] 目标1-8: (31, 40, 94, 116, 0, 0, 0, 0) -> (31, 38, 94, 116, 0, 0, 0, 0)  当前1-8: (31, 40, 94, 116, 0, 0, 0, 0) -> (31, 38, 94, 116, 0, 0, 0, 0)  蒸发温度: (280, 324, 283, 281, 0, 1000, 287, 286, 282, 740) -> (280, 324, 283, 280, 0, 1000, 287, 286, 282, 739)
★ [15:17:34] 目标1-8: (31, 38, 94, 116, 0, 0, 0, 0) -> (29, 38, 94, 115, 0, 0, 0, 0)  当前1-8: (31, 38, 94, 116, 0, 0, 0, 0) -> (29, 38, 94, 115, 0, 0, 0, 0)  蒸发温度: (280, 324, 283, 280, 0, 1000, 287, 286, 282, 739) -> (280, 324, 283, 280, 0, 1000, 286, 286, 282, 740)
★ [15:17:36] 目标1-8: (29, 38, 94, 115, 0, 0, 0, 0) -> (29, 36, 93, 115, 0, 0, 0, 0)  当前1-8: (29, 38, 94, 115, 0, 0, 0, 0) -> (29, 36, 93, 115, 0, 0, 0, 0)  蒸发温度: (280, 324, 283, 280, 0, 1000, 286, 286, 282, 740) -> (280, 324, 283, 280, 0, 1000, 287, 286, 282, 739)
★ [15:17:38] 目标1-8: (29, 36, 93, 115, 0, 0, 0, 0) -> (27, 36, 93, 113, 0, 0, 0, 0)  当前1-8: (29, 36, 93, 115, 0, 0, 0, 0) -> (27, 36, 93, 113, 0, 0, 0, 0)  蒸发温度: (280, 324, 283, 280, 0, 1000, 287, 286, 282, 739) -> (280, 324, 283, 280, 0, 1000, 286, 286, 282, 740)
★ [15:17:40] 目标1-8: (27, 36, 93, 113, 0, 0, 0, 0) -> (27, 36, 91, 113, 0, 0, 0, 0)  当前1-8: (27, 36, 93, 113, 0, 0, 0, 0) -> (27, 36, 91, 113, 0, 0, 0, 0)
★ [15:17:42] 目标1-8: (27, 36, 91, 113, 0, 0, 0, 0) -> (27, 35, 91, 113, 0, 0, 0, 0)  当前1-8: (27, 36, 91, 113, 0, 0, 0, 0) -> (27, 35, 91, 113, 0, 0, 0, 0)  蒸发温度: (280, 324, 283, 280, 0, 1000, 286, 286, 282, 740) -> (280, 325, 283, 280, 0, 1000, 286, 286, 282, 739)
★ [15:17:44] 目标1-8: (27, 35, 91, 113, 0, 0, 0, 0) -> (25, 35, 91, 111, 0, 0, 0, 0)  当前1-8: (27, 35, 91, 113, 0, 0, 0, 0) -> (25, 35, 91, 111, 0, 0, 0, 0)
★ [15:17:46] 目标1-8: (25, 35, 91, 111, 0, 0, 0, 0) -> (25, 33, 90, 111, 0, 0, 0, 0)  当前1-8: (25, 35, 91, 111, 0, 0, 0, 0) -> (25, 33, 90, 111, 0, 0, 0, 0)  蒸发温度: (280, 325, 283, 280, 0, 1000, 286, 286, 282, 739) -> (281, 325, 283, 280, 0, 1000, 286, 286, 282, 739)
★ [15:17:48] 目标1-8: (25, 33, 90, 111, 0, 0, 0, 0) -> (23, 33, 90, 110, 0, 0, 0, 0)  当前1-8: (25, 33, 90, 111, 0, 0, 0, 0) -> (23, 33, 90, 110, 0, 0, 0, 0)  蒸发温度: (281, 325, 283, 280, 0, 1000, 286, 286, 282, 739) -> (281, 325, 284, 280, 0, 1000, 286, 286, 282, 740)
★ [15:17:50] 目标1-8: (23, 33, 90, 110, 0, 0, 0, 0) -> (23, 33, 88, 110, 0, 0, 0, 0)  当前1-8: (23, 33, 90, 110, 0, 0, 0, 0) -> (23, 33, 88, 110, 0, 0, 0, 0)  蒸发温度: (281, 325, 284, 280, 0, 1000, 286, 286, 282, 740) -> (281, 325, 284, 280, 0, 1000, 286, 286, 282, 739)
★ [15:17:52] 目标1-8: (23, 33, 88, 110, 0, 0, 0, 0) -> (23, 31, 88, 110, 0, 0, 0, 0)  当前1-8: (23, 33, 88, 110, 0, 0, 0, 0) -> (23, 31, 88, 110, 0, 0, 0, 0)  蒸发温度: (281, 325, 284, 280, 0, 1000, 286, 286, 282, 739) -> (281, 325, 283, 280, 0, 1000, 287, 286, 282, 740)
★ [15:17:54] 目标1-8: (23, 31, 88, 110, 0, 0, 0, 0) -> (21, 31, 88, 108, 0, 0, 0, 0)  当前1-8: (23, 31, 88, 110, 0, 0, 0, 0) -> (21, 31, 88, 108, 0, 0, 0, 0)  蒸发温度: (281, 325, 283, 280, 0, 1000, 287, 286, 282, 740) -> (280, 325, 283, 280, 0, 1000, 286, 286, 282, 740)
★ [15:17:56] 目标1-8: (21, 31, 88, 108, 0, 0, 0, 0) -> (21, 29, 86, 108, 0, 0, 0, 0)  当前1-8: (21, 31, 88, 108, 0, 0, 0, 0) -> (21, 29, 86, 108, 0, 0, 0, 0)
★ [15:17:58] 目标1-8: (21, 29, 86, 108, 0, 0, 0, 0) -> (19, 29, 86, 106, 0, 0, 0, 0)  当前1-8: (21, 29, 86, 108, 0, 0, 0, 0) -> (19, 29, 86, 106, 0, 0, 0, 0)  蒸发温度: (280, 325, 283, 280, 0, 1000, 286, 286, 282, 740) -> (281, 324, 283, 279, 0, 1000, 286, 286, 282, 740)
★ [15:18:00] 目标1-8: (19, 29, 86, 106, 0, 0, 0, 0) -> (19, 29, 85, 106, 0, 0, 0, 0)  当前1-8: (19, 29, 86, 106, 0, 0, 0, 0) -> (19, 29, 85, 106, 0, 0, 0, 0)  蒸发温度: (281, 324, 283, 279, 0, 1000, 286, 286, 282, 740) -> (280, 324, 283, 279, 0, 1000, 286, 286, 282, 740)
★ [15:18:02] 目标1-8: (19, 29, 85, 106, 0, 0, 0, 0) -> (19, 27, 85, 106, 0, 0, 0, 0)  当前1-8: (19, 29, 85, 106, 0, 0, 0, 0) -> (19, 27, 85, 106, 0, 0, 0, 0)  蒸发温度: (280, 324, 283, 279, 0, 1000, 286, 286, 282, 740) -> (280, 324, 283, 278, 0, 1000, 286, 286, 282, 739)
★ [15:18:04] 目标1-8: (19, 27, 85, 106, 0, 0, 0, 0) -> (17, 27, 85, 105, 0, 0, 0, 0)  当前1-8: (19, 27, 85, 106, 0, 0, 0, 0) -> (17, 27, 85, 105, 0, 0, 0, 0)
★ [15:18:06] 目标1-8: (17, 27, 85, 105, 0, 0, 0, 0) -> (17, 25, 83, 105, 0, 0, 0, 0)  当前1-8: (17, 27, 85, 105, 0, 0, 0, 0) -> (17, 25, 83, 105, 0, 0, 0, 0)  蒸发温度: (280, 324, 283, 278, 0, 1000, 286, 286, 282, 739) -> (280, 323, 283, 278, 0, 1000, 286, 286, 281, 740)
★ [15:18:08] 目标1-8: (17, 25, 83, 105, 0, 0, 0, 0) -> (15, 25, 83, 103, 0, 0, 0, 0)  当前1-8: (17, 25, 83, 105, 0, 0, 0, 0) -> (15, 25, 83, 103, 0, 0, 0, 0)  蒸发温度: (280, 323, 283, 278, 0, 1000, 286, 286, 281, 740) -> (279, 323, 283, 277, 0, 1000, 286, 285, 281, 739)
★ [15:18:10] 目标1-8: (15, 25, 83, 103, 0, 0, 0, 0) -> (15, 25, 82, 103, 0, 0, 0, 0)  当前1-8: (15, 25, 83, 103, 0, 0, 0, 0) -> (15, 25, 82, 103, 0, 0, 0, 0)  蒸发温度: (279, 323, 283, 277, 0, 1000, 286, 285, 281, 739) -> (278, 322, 282, 277, 0, 1000, 286, 285, 281, 739)
★ [15:18:12] 目标1-8: (15, 25, 82, 103, 0, 0, 0, 0) -> (15, 23, 82, 103, 0, 0, 0, 0)  当前1-8: (15, 25, 82, 103, 0, 0, 0, 0) -> (15, 23, 82, 103, 0, 0, 0, 0)  蒸发温度: (278, 322, 282, 277, 0, 1000, 286, 285, 281, 739) -> (277, 321, 282, 276, 0, 1000, 285, 285, 280, 740)
★ [15:18:14] 目标1-8: (15, 23, 82, 103, 0, 0, 0, 0) -> (13, 23, 82, 101, 0, 0, 0, 0)  当前1-8: (15, 23, 82, 103, 0, 0, 0, 0) -> (13, 23, 82, 101, 0, 0, 0, 0)  蒸发温度: (277, 321, 282, 276, 0, 1000, 285, 285, 280, 740) -> (276, 320, 281, 276, 0, 1000, 285, 284, 279, 739)
★ [15:18:16] 目标1-8: (13, 23, 82, 101, 0, 0, 0, 0) -> (13, 21, 80, 101, 0, 0, 0, 0)  当前1-8: (13, 23, 82, 101, 0, 0, 0, 0) -> (13, 21, 80, 101, 0, 0, 0, 0)  蒸发温度: (276, 320, 281, 276, 0, 1000, 285, 284, 279, 739) -> (275, 320, 281, 275, 0, 1000, 284, 284, 279, 739)
★ [15:18:18] 目标1-8: (13, 21, 80, 101, 0, 0, 0, 0) -> (11, 21, 80, 100, 0, 0, 0, 0)  当前1-8: (13, 21, 80, 101, 0, 0, 0, 0) -> (11, 21, 80, 100, 0, 0, 0, 0)  蒸发温度: (275, 320, 281, 275, 0, 1000, 284, 284, 279, 739) -> (275, 320, 281, 275, 0, 1000, 284, 284, 278, 740)
★ [15:18:20] 目标1-8: (11, 21, 80, 100, 0, 0, 0, 0) -> (11, 21, 78, 100, 0, 0, 0, 0)  当前1-8: (11, 21, 80, 100, 0, 0, 0, 0) -> (11, 21, 78, 100, 0, 0, 0, 0)  蒸发温度: (275, 320, 281, 275, 0, 1000, 284, 284, 278, 740) -> (275, 319, 281, 275, 0, 1000, 284, 284, 278, 739)
★ [15:18:22] 目标1-8: (11, 21, 78, 100, 0, 0, 0, 0) -> (11, 19, 78, 100, 0, 0, 0, 0)  当前1-8: (11, 21, 78, 100, 0, 0, 0, 0) -> (11, 19, 78, 100, 0, 0, 0, 0)  蒸发温度: (275, 319, 281, 275, 0, 1000, 284, 284, 278, 739) -> (275, 319, 281, 275, 0, 1000, 284, 284, 279, 739)
★ [15:18:24] 目标1-8: (11, 19, 78, 100, 0, 0, 0, 0) -> (10, 19, 78, 98, 0, 0, 0, 0)  当前1-8: (11, 19, 78, 100, 0, 0, 0, 0) -> (10, 19, 78, 98, 0, 0, 0, 0)  蒸发温度: (275, 319, 281, 275, 0, 1000, 284, 284, 279, 739) -> (275, 319, 282, 275, 0, 1000, 284, 284, 278, 740)
★ [15:18:26] 目标1-8: (10, 19, 78, 98, 0, 0, 0, 0) -> (10, 17, 77, 98, 0, 0, 0, 0)  当前1-8: (10, 19, 78, 98, 0, 0, 0, 0) -> (10, 17, 77, 98, 0, 0, 0, 0)  蒸发温度: (275, 319, 282, 275, 0, 1000, 284, 284, 278, 740) -> (275, 319, 282, 275, 0, 1000, 284, 283, 278, 739)
★ [15:18:28] 目标1-8: (10, 17, 77, 98, 0, 0, 0, 0) -> (8, 17, 77, 96, 0, 0, 0, 0)  当前1-8: (10, 17, 77, 98, 0, 0, 0, 0) -> (8, 17, 77, 96, 0, 0, 0, 0)  蒸发温度: (275, 319, 282, 275, 0, 1000, 284, 283, 278, 739) -> (274, 319, 281, 274, 0, 1000, 284, 283, 278, 740)
★ [15:18:30] 目标1-8: (8, 17, 77, 96, 0, 0, 0, 0) -> (8, 17, 75, 96, 0, 0, 0, 0)  当前1-8: (8, 17, 77, 96, 0, 0, 0, 0) -> (8, 17, 75, 96, 0, 0, 0, 0)  蒸发温度: (274, 319, 281, 274, 0, 1000, 284, 283, 278, 740) -> (274, 318, 281, 274, 0, 1000, 283, 283, 278, 740)
★ [15:18:32] 目标1-8: (8, 17, 75, 96, 0, 0, 0, 0) -> (8, 15, 75, 96, 0, 0, 0, 0)  当前1-8: (8, 17, 75, 96, 0, 0, 0, 0) -> (8, 15, 75, 96, 0, 0, 0, 0)  蒸发温度: (274, 318, 281, 274, 0, 1000, 283, 283, 278, 740) -> (274, 318, 281, 273, 0, 1000, 283, 283, 277, 739)
★ [15:18:34] 目标1-8: (8, 15, 75, 96, 0, 0, 0, 0) -> (6, 15, 75, 95, 0, 0, 0, 0)  当前1-8: (8, 15, 75, 96, 0, 0, 0, 0) -> (6, 15, 75, 95, 0, 0, 0, 0)  蒸发温度: (274, 318, 281, 273, 0, 1000, 283, 283, 277, 739) -> (274, 317, 281, 273, 0, 1000, 283, 282, 277, 739)
★ [15:18:36] 目标1-8: (6, 15, 75, 95, 0, 0, 0, 0) -> (6, 13, 74, 95, 0, 0, 0, 0)  当前1-8: (6, 15, 75, 95, 0, 0, 0, 0) -> (6, 13, 74, 95, 0, 0, 0, 0)  蒸发温度: (274, 317, 281, 273, 0, 1000, 283, 282, 277, 739) -> (274, 317, 281, 273, 0, 1000, 283, 283, 277, 740)
★ [15:18:38] 目标1-8: (6, 13, 74, 95, 0, 0, 0, 0) -> (4, 13, 74, 93, 0, 0, 0, 0)  当前1-8: (6, 13, 74, 95, 0, 0, 0, 0) -> (4, 13, 74, 93, 0, 0, 0, 0)  蒸发温度: (274, 317, 281, 273, 0, 1000, 283, 283, 277, 740) -> (274, 318, 281, 274, 0, 1000, 283, 282, 277, 739)
★ [15:18:40] 目标1-8: (4, 13, 74, 93, 0, 0, 0, 0) -> (4, 13, 72, 93, 0, 0, 0, 0)  当前1-8: (4, 13, 74, 93, 0, 0, 0, 0) -> (4, 13, 72, 93, 0, 0, 0, 0)
★ [15:18:42] 目标1-8: (4, 13, 72, 93, 0, 0, 0, 0) -> (4, 11, 72, 93, 0, 0, 0, 0)  当前1-8: (4, 13, 72, 93, 0, 0, 0, 0) -> (4, 11, 72, 93, 0, 0, 0, 0)  蒸发温度: (274, 318, 281, 274, 0, 1000, 283, 282, 277, 739) -> (275, 318, 281, 275, 0, 1000, 283, 283, 277, 740)
★ [15:18:44] 目标1-8: (4, 11, 72, 93, 0, 0, 0, 0) -> (2, 11, 72, 91, 0, 0, 0, 0)  当前1-8: (4, 11, 72, 93, 0, 0, 0, 0) -> (2, 11, 72, 91, 0, 0, 0, 0)  蒸发温度: (275, 318, 281, 275, 0, 1000, 283, 283, 277, 740) -> (275, 319, 281, 275, 0, 1000, 283, 283, 278, 740)
★ [15:18:46] 目标1-8: (2, 11, 72, 91, 0, 0, 0, 0) -> (2, 10, 70, 91, 0, 0, 0, 0)  当前1-8: (2, 11, 72, 91, 0, 0, 0, 0) -> (2, 10, 70, 91, 0, 0, 0, 0)  蒸发温度: (275, 319, 281, 275, 0, 1000, 283, 283, 278, 740) -> (275, 319, 281, 275, 0, 1000, 283, 282, 278, 739)
★ [15:18:48] 目标1-8: (2, 10, 70, 91, 0, 0, 0, 0) -> (0, 10, 70, 90, 0, 0, 0, 0)  当前1-8: (2, 10, 70, 91, 0, 0, 0, 0) -> (0, 10, 70, 90, 0, 0, 0, 0)  蒸发温度: (275, 319, 281, 275, 0, 1000, 283, 282, 278, 739) -> (275, 319, 281, 275, 0, 1000, 283, 282, 278, 740)
★ [15:18:50] 目标1-8: (0, 10, 70, 90, 0, 0, 0, 0) -> (0, 10, 69, 90, 0, 0, 0, 0)  当前1-8: (0, 10, 70, 90, 0, 0, 0, 0) -> (0, 10, 69, 90, 0, 0, 0, 0)  蒸发温度: (275, 319, 281, 275, 0, 1000, 283, 282, 278, 740) -> (275, 319, 281, 276, 0, 1000, 283, 283, 278, 740)
★ [15:18:52] 目标1-8: (0, 10, 69, 90, 0, 0, 0, 0) -> (0, 8, 69, 90, 0, 0, 0, 0)  当前1-8: (0, 10, 69, 90, 0, 0, 0, 0) -> (0, 8, 69, 90, 0, 0, 0, 0)  蒸发温度: (275, 319, 281, 276, 0, 1000, 283, 283, 278, 740) -> (275, 319, 282, 276, 0, 1000, 283, 283, 278, 740)
★ [15:18:54] 目标1-8: (0, 8, 69, 90, 0, 0, 0, 0) -> (0, 8, 69, 88, 0, 0, 0, 0)  当前1-8: (0, 8, 69, 90, 0, 0, 0, 0) -> (0, 8, 69, 88, 0, 0, 0, 0)  蒸发温度: (275, 319, 282, 276, 0, 1000, 283, 283, 278, 740) -> (276, 319, 282, 276, 0, 1000, 283, 283, 278, 739)
★ [15:18:56] 目标1-8: (0, 8, 69, 88, 0, 0, 0, 0) -> (0, 6, 67, 88, 0, 0, 0, 0)  当前1-8: (0, 8, 69, 88, 0, 0, 0, 0) -> (0, 6, 67, 88, 0, 0, 0, 0)  蒸发温度: (276, 319, 282, 276, 0, 1000, 283, 283, 278, 739) -> (276, 319, 282, 276, 0, 1000, 283, 283, 278, 740)
★ [15:18:58] 目标1-8: (0, 6, 67, 88, 0, 0, 0, 0) -> (0, 6, 67, 87, 0, 0, 0, 0)  当前1-8: (0, 6, 67, 88, 0, 0, 0, 0) -> (0, 6, 67, 87, 0, 0, 0, 0)  蒸发温度: (276, 319, 282, 276, 0, 1000, 283, 283, 278, 740) -> (276, 320, 282, 277, 0, 1000, 283, 283, 278, 740)
★ [15:19:00] 目标1-8: (0, 6, 67, 87, 0, 0, 0, 0) -> (0, 6, 66, 87, 0, 0, 0, 0)  当前1-8: (0, 6, 67, 87, 0, 0, 0, 0) -> (0, 6, 66, 87, 0, 0, 0, 0)  蒸发温度: (276, 320, 282, 277, 0, 1000, 283, 283, 278, 740) -> (277, 320, 282, 277, 0, 1000, 283, 283, 279, 740)
★ [15:19:02] 目标1-8: (0, 6, 66, 87, 0, 0, 0, 0) -> (0, 4, 66, 87, 0, 0, 0, 0)  当前1-8: (0, 6, 66, 87, 0, 0, 0, 0) -> (0, 4, 66, 87, 0, 0, 0, 0)  蒸发温度: (277, 320, 282, 277, 0, 1000, 283, 283, 279, 740) -> (277, 320, 282, 278, 0, 1000, 283, 283, 279, 740)
★ [15:19:04] 目标1-8: (0, 4, 66, 87, 0, 0, 0, 0) -> (0, 4, 66, 85, 0, 0, 0, 0)  当前1-8: (0, 4, 66, 87, 0, 0, 0, 0) -> (0, 4, 66, 85, 0, 0, 0, 0)  蒸发温度: (277, 320, 282, 278, 0, 1000, 283, 283, 279, 740) -> (277, 320, 282, 278, 0, 1000, 283, 283, 279, 739)
★ [15:19:06] 目标1-8: (0, 4, 66, 85, 0, 0, 0, 0) -> (0, 2, 64, 85, 0, 0, 0, 0)  当前1-8: (0, 4, 66, 85, 0, 0, 0, 0) -> (0, 2, 64, 85, 0, 0, 0, 0)  蒸发温度: (277, 320, 282, 278, 0, 1000, 283, 283, 279, 739) -> (277, 320, 282, 278, 0, 1000, 283, 283, 279, 740)
★ [15:19:08] 目标1-8: (0, 2, 64, 85, 0, 0, 0, 0) -> (0, 2, 64, 83, 0, 0, 0, 0)  当前1-8: (0, 2, 64, 85, 0, 0, 0, 0) -> (0, 2, 64, 83, 0, 0, 0, 0)  蒸发温度: (277, 320, 282, 278, 0, 1000, 283, 283, 279, 740) -> (277, 320, 282, 278, 0, 1000, 283, 283, 279, 739)
★ [15:19:10] 目标1-8: (0, 2, 64, 83, 0, 0, 0, 0) -> (0, 2, 62, 83, 0, 0, 0, 0)  当前1-8: (0, 2, 64, 83, 0, 0, 0, 0) -> (0, 2, 62, 83, 0, 0, 0, 0)  蒸发温度: (277, 320, 282, 278, 0, 1000, 283, 283, 279, 739) -> (277, 320, 282, 277, 0, 1000, 283, 283, 279, 739)
★ [15:19:12] 目标1-8: (0, 2, 62, 83, 0, 0, 0, 0) -> (0, 0, 62, 83, 0, 0, 0, 0)  当前1-8: (0, 2, 62, 83, 0, 0, 0, 0) -> (0, 0, 62, 83, 0, 0, 0, 0)  蒸发温度: (277, 320, 282, 277, 0, 1000, 283, 283, 279, 739) -> (277, 321, 282, 277, 0, 1000, 283, 283, 279, 740)
★ [15:19:14] 目标1-8: (0, 0, 62, 83, 0, 0, 0, 0) -> (0, 0, 62, 82, 0, 0, 0, 0)  当前1-8: (0, 0, 62, 83, 0, 0, 0, 0) -> (0, 0, 62, 82, 0, 0, 0, 0)  蒸发温度: (277, 321, 282, 277, 0, 1000, 283, 283, 279, 740) -> (277, 320, 282, 277, 0, 1000, 283, 283, 279, 739)
★ [15:19:16] 目标1-8: (0, 0, 62, 82, 0, 0, 0, 0) -> (0, 0, 61, 82, 0, 0, 0, 0)  当前1-8: (0, 0, 62, 82, 0, 0, 0, 0) -> (0, 0, 61, 82, 0, 0, 0, 0)  蒸发温度: (277, 320, 282, 277, 0, 1000, 283, 283, 279, 739) -> (277, 321, 282, 277, 0, 1000, 283, 283, 279, 740)
★ [15:19:18] 目标1-8: (0, 0, 61, 82, 0, 0, 0, 0) -> (0, 0, 61, 80, 0, 0, 0, 0)  当前1-8: (0, 0, 61, 82, 0, 0, 0, 0) -> (0, 0, 61, 80, 0, 0, 0, 0)  蒸发温度: (277, 321, 282, 277, 0, 1000, 283, 283, 279, 740) -> (277, 321, 282, 277, 0, 1000, 283, 283, 279, 739)
★ [15:19:20] 目标1-8: (0, 0, 61, 80, 0, 0, 0, 0) -> (0, 0, 59, 80, 0, 0, 0, 0)  当前1-8: (0, 0, 61, 80, 0, 0, 0, 0) -> (0, 0, 59, 80, 0, 0, 0, 0)  蒸发温度: (277, 321, 282, 277, 0, 1000, 283, 283, 279, 739) -> (278, 321, 282, 277, 0, 1000, 283, 283, 279, 740)
[15:19:22] 蒸发温度: (278, 321, 282, 277, 0, 1000, 283, 283, 279, 740) -> (278, 321, 282, 278, 0, 1000, 283, 283, 279, 740)
★ [15:19:24] 目标1-8: (0, 0, 59, 80, 0, 0, 0, 0) -> (0, 0, 59, 78, 0, 0, 0, 0)  当前1-8: (0, 0, 59, 80, 0, 0, 0, 0) -> (0, 0, 59, 78, 0, 0, 0, 0)  蒸发温度: (278, 321, 282, 278, 0, 1000, 283, 283, 279, 740) -> (278, 321, 282, 278, 0, 1000, 283, 283, 279, 739)
★ [15:19:26] 目标1-8: (0, 0, 59, 78, 0, 0, 0, 0) -> (0, 0, 58, 78, 0, 0, 0, 0)  当前1-8: (0, 0, 59, 78, 0, 0, 0, 0) -> (0, 0, 58, 78, 0, 0, 0, 0)
★ [15:19:28] 目标1-8: (0, 0, 58, 78, 0, 0, 0, 0) -> (0, 0, 58, 77, 0, 0, 0, 0)  当前1-8: (0, 0, 58, 78, 0, 0, 0, 0) -> (0, 0, 58, 77, 0, 0, 0, 0)  蒸发温度: (278, 321, 282, 278, 0, 1000, 283, 283, 279, 739) -> (278, 321, 282, 278, 0, 1000, 283, 283, 280, 739)
★ [15:19:30] 目标1-8: (0, 0, 58, 77, 0, 0, 0, 0) -> (0, 0, 56, 77, 0, 0, 0, 0)  当前1-8: (0, 0, 58, 77, 0, 0, 0, 0) -> (0, 0, 56, 77, 0, 0, 0, 0)  蒸发温度: (278, 321, 282, 278, 0, 1000, 283, 283, 280, 739) -> (278, 321, 282, 278, 0, 1000, 284, 283, 280, 739)
[15:19:32] 蒸发温度: (278, 321, 282, 278, 0, 1000, 284, 283, 280, 739) -> (278, 322, 281, 279, 0, 1000, 283, 284, 280, 739)
★ [15:19:34] 目标1-8: (0, 0, 56, 77, 0, 0, 0, 0) -> (0, 0, 56, 75, 0, 0, 0, 0)  当前1-8: (0, 0, 56, 77, 0, 0, 0, 0) -> (0, 0, 56, 75, 0, 0, 0, 0)  蒸发温度: (278, 322, 281, 279, 0, 1000, 283, 284, 280, 739) -> (278, 321, 281, 279, 0, 1000, 284, 284, 280, 739)
★ [15:19:36] 目标1-8: (0, 0, 56, 75, 0, 0, 0, 0) -> (0, 0, 54, 75, 0, 0, 0, 0)  当前1-8: (0, 0, 56, 75, 0, 0, 0, 0) -> (0, 0, 54, 75, 0, 0, 0, 0)
★ [15:19:38] 目标1-8: (0, 0, 54, 75, 0, 0, 0, 0) -> (0, 0, 54, 73, 0, 0, 0, 0)  当前1-8: (0, 0, 54, 75, 0, 0, 0, 0) -> (0, 0, 54, 73, 0, 0, 0, 0)  蒸发温度: (278, 321, 281, 279, 0, 1000, 284, 284, 280, 739) -> (278, 322, 281, 278, 0, 1000, 284, 284, 280, 739)
★ [15:19:40] 目标1-8: (0, 0, 54, 73, 0, 0, 0, 0) -> (0, 0, 53, 73, 0, 0, 0, 0)  当前1-8: (0, 0, 54, 73, 0, 0, 0, 0) -> (0, 0, 53, 73, 0, 0, 0, 0)  蒸发温度: (278, 322, 281, 278, 0, 1000, 284, 284, 280, 739) -> (278, 321, 281, 278, 0, 1000, 284, 283, 280, 739)
[15:19:42] 蒸发温度: (278, 321, 281, 278, 0, 1000, 284, 283, 280, 739) -> (278, 321, 282, 279, 0, 1000, 284, 284, 280, 740)
★ [15:19:44] 目标1-8: (0, 0, 53, 73, 0, 0, 0, 0) -> (0, 0, 53, 72, 0, 0, 0, 0)  当前1-8: (0, 0, 53, 73, 0, 0, 0, 0) -> (0, 0, 53, 72, 0, 0, 0, 0)  蒸发温度: (278, 321, 282, 279, 0, 1000, 284, 284, 280, 740) -> (278, 321, 281, 279, 0, 1000, 284, 284, 280, 740)
★ [15:19:46] 目标1-8: (0, 0, 53, 72, 0, 0, 0, 0) -> (0, 0, 51, 72, 0, 0, 0, 0)  当前1-8: (0, 0, 53, 72, 0, 0, 0, 0) -> (0, 0, 51, 72, 0, 0, 0, 0)  蒸发温度: (278, 321, 281, 279, 0, 1000, 284, 284, 280, 740) -> (278, 321, 282, 278, 0, 1000, 284, 283, 280, 739)
★ [15:19:48] 目标1-8: (0, 0, 51, 72, 0, 0, 0, 0) -> (0, 0, 51, 70, 0, 0, 0, 0)  当前1-8: (0, 0, 51, 72, 0, 0, 0, 0) -> (0, 0, 51, 70, 0, 0, 0, 0)  蒸发温度: (278, 321, 282, 278, 0, 1000, 284, 283, 280, 739) -> (277, 320, 282, 278, 0, 1000, 284, 284, 280, 740)
★ [15:19:50] 目标1-8: (0, 0, 51, 70, 0, 0, 0, 0) -> (0, 0, 50, 70, 0, 0, 0, 0)  当前1-8: (0, 0, 51, 70, 0, 0, 0, 0) -> (0, 0, 50, 70, 0, 0, 0, 0)  蒸发温度: (277, 320, 282, 278, 0, 1000, 284, 284, 280, 740) -> (277, 320, 282, 277, 0, 1000, 284, 284, 279, 740)
[15:19:52] 蒸发温度: (277, 320, 282, 277, 0, 1000, 284, 284, 279, 740) -> (276, 319, 282, 276, 0, 1000, 284, 284, 279, 740)
★ [15:19:54] 目标1-8: (0, 0, 50, 70, 0, 0, 0, 0) -> (0, 0, 50, 68, 0, 0, 0, 0)  当前1-8: (0, 0, 50, 70, 0, 0, 0, 0) -> (0, 0, 50, 68, 0, 0, 0, 0)  蒸发温度: (276, 319, 282, 276, 0, 1000, 284, 284, 279, 740) -> (276, 319, 281, 276, 0, 1000, 283, 284, 279, 740)
★ [15:19:56] 目标1-8: (0, 0, 50, 68, 0, 0, 0, 0) -> (0, 0, 48, 68, 0, 0, 0, 0)  当前1-8: (0, 0, 50, 68, 0, 0, 0, 0) -> (0, 0, 48, 68, 0, 0, 0, 0)  蒸发温度: (276, 319, 281, 276, 0, 1000, 283, 284, 279, 740) -> (276, 319, 281, 276, 0, 1000, 283, 283, 279, 740)
★ [15:19:58] 目标1-8: (0, 0, 48, 68, 0, 0, 0, 0) -> (0, 0, 48, 67, 0, 0, 0, 0)  当前1-8: (0, 0, 48, 68, 0, 0, 0, 0) -> (0, 0, 48, 67, 0, 0, 0, 0)
★ [15:20:00] 目标1-8: (0, 0, 48, 67, 0, 0, 0, 0) -> (0, 0, 46, 67, 0, 0, 0, 0)  当前1-8: (0, 0, 48, 67, 0, 0, 0, 0) -> (0, 0, 46, 67, 0, 0, 0, 0)  蒸发温度: (276, 319, 281, 276, 0, 1000, 283, 283, 279, 740) -> (276, 319, 281, 276, 0, 1000, 283, 283, 278, 739)
[15:20:02] 蒸发温度: (276, 319, 281, 276, 0, 1000, 283, 283, 278, 739) -> (275, 319, 280, 276, 0, 1000, 283, 283, 278, 740)
★ [15:20:04] 目标1-8: (0, 0, 46, 67, 0, 0, 0, 0) -> (0, 0, 46, 65, 0, 0, 0, 0)  当前1-8: (0, 0, 46, 67, 0, 0, 0, 0) -> (0, 0, 46, 65, 0, 0, 0, 0)  蒸发温度: (275, 319, 280, 276, 0, 1000, 283, 283, 278, 740) -> (275, 319, 280, 276, 0, 1000, 282, 282, 278, 739)
★ [15:20:06] 目标1-8: (0, 0, 46, 65, 0, 0, 0, 0) -> (0, 0, 45, 65, 0, 0, 0, 0)  当前1-8: (0, 0, 46, 65, 0, 0, 0, 0) -> (0, 0, 45, 65, 0, 0, 0, 0)  蒸发温度: (275, 319, 280, 276, 0, 1000, 282, 282, 278, 739) -> (275, 319, 280, 276, 0, 1000, 282, 282, 278, 740)
★ [15:20:08] 目标1-8: (0, 0, 45, 65, 0, 0, 0, 0) -> (0, 0, 45, 63, 0, 0, 0, 0)  当前1-8: (0, 0, 45, 65, 0, 0, 0, 0) -> (0, 0, 45, 63, 0, 0, 0, 0)
★ [15:20:10] 目标1-8: (0, 0, 45, 63, 0, 0, 0, 0) -> (0, 0, 43, 63, 0, 0, 0, 0)  当前1-8: (0, 0, 45, 63, 0, 0, 0, 0) -> (0, 0, 43, 63, 0, 0, 0, 0)  蒸发温度: (275, 319, 280, 276, 0, 1000, 282, 282, 278, 740) -> (276, 319, 280, 276, 0, 1000, 282, 282, 278, 739)
[15:20:12] 蒸发温度: (276, 319, 280, 276, 0, 1000, 282, 282, 278, 739) -> (276, 320, 280, 277, 0, 1000, 282, 282, 278, 740)
★ [15:20:14] 目标1-8: (0, 0, 43, 63, 0, 0, 0, 0) -> (0, 0, 43, 62, 0, 0, 0, 0)  当前1-8: (0, 0, 43, 63, 0, 0, 0, 0) -> (0, 0, 43, 62, 0, 0, 0, 0)  蒸发温度: (276, 320, 280, 277, 0, 1000, 282, 282, 278, 740) -> (276, 319, 280, 277, 0, 1000, 282, 282, 278, 740)
★ [15:20:16] 目标1-8: (0, 0, 43, 62, 0, 0, 0, 0) -> (0, 0, 42, 62, 0, 0, 0, 0)  当前1-8: (0, 0, 43, 62, 0, 0, 0, 0) -> (0, 0, 42, 62, 0, 0, 0, 0)  蒸发温度: (276, 319, 280, 277, 0, 1000, 282, 282, 278, 740) -> (276, 320, 280, 277, 0, 1000, 282, 282, 278, 740)
★ [15:20:18] 目标1-8: (0, 0, 42, 62, 0, 0, 0, 0) -> (0, 0, 42, 60, 0, 0, 0, 0)  当前1-8: (0, 0, 42, 62, 0, 0, 0, 0) -> (0, 0, 42, 60, 0, 0, 0, 0)  蒸发温度: (276, 320, 280, 277, 0, 1000, 282, 282, 278, 740) -> (276, 320, 280, 277, 0, 1000, 282, 282, 278, 739)
★ [15:20:20] 目标1-8: (0, 0, 42, 60, 0, 0, 0, 0) -> (0, 0, 40, 60, 0, 0, 0, 0)  当前1-8: (0, 0, 42, 60, 0, 0, 0, 0) -> (0, 0, 40, 60, 0, 0, 0, 0)  蒸发温度: (276, 320, 280, 277, 0, 1000, 282, 282, 278, 739) -> (276, 320, 280, 277, 0, 1000, 282, 282, 278, 740)
[15:20:22] 蒸发温度: (276, 320, 280, 277, 0, 1000, 282, 282, 278, 740) -> (276, 320, 280, 278, 0, 1000, 282, 282, 278, 740)
★ [15:20:24] 目标1-8: (0, 0, 40, 60, 0, 0, 0, 0) -> (0, 0, 40, 58, 0, 0, 0, 0)  当前1-8: (0, 0, 40, 60, 0, 0, 0, 0) -> (0, 0, 40, 58, 0, 0, 0, 0)

采样 300 次，结束 15:20:25
