时间	SysStep	模式	故障	急停	调度号	1#过热度1	1#过热度2	1#蒸温1	1#蒸温2	1#EEV目标1	1#EEV目标2	1#EEV步数1	1#EEV步数2	1#压机1	1#压机2	1#吸气1	1#吸气2	2#过热度1	2#过热度2	2#蒸温1	2#蒸温2	2#EEV目标1	2#EEV目标2	2#EEV步数1	2#EEV步数2	2#压机1	2#压机2	2#吸气1	2#吸气2	目标台数	命令A1	命令A2	Y设定	YD	KP	TI	TD	限步	扫描周期	起始开度	脉冲总数	开度上限	目标1-8	当前1-8	ON1-8
15:28:08	2	制冷	0	0	99	-27	-27	141	141	0	0	0	0	2	2	114	114	-14	-16	138	138	0	0	0	0	2	2	124	122	4	1	1	50	20	5	100	0	20	5	200	500	500	0	0	0	0	0	0	0	0	0	0	0	0	0	0	0	0	1	1	1	1	0	0	0	0
15:28:10	2	制冷	0	0	99	-27	-27	141	141	0	0	0	0	2	2	114	114	-14	-16	138	138	0	0	0	0	2	2	124	122	4	1	1	50	20	5	100	0	20	5	200	500	500	0	0	0	0	0	0	0	0	0	0	0	0	0	0	0	0	1	1	1	1	0	0	0	0
15:28:12	2	制冷	0	0	99	-27	-27	141	141	0	0	0	0	2	2	114	114	-14	-16	138	138	0	0	0	0	2	2	124	122	4	1	1	50	20	5	100	0	20	5	200	500	500	0	0	0	0	0	0	0	0	0	0	0	0	0	0	0	0	1	1	1	1	0	0	0	0
15:28:14	2	制冷	0	0	99	-27	-27	141	141	0	0	0	0	2	2	114	114	-14	-16	138	138	0	0	0	0	2	2	124	122	4	1	1	50	20	5	100	0	20	5	200	500	500	0	0	0	0	0	0	0	0	0	0	0	0	0	0	0	0	1	1	1	1	0	0	0	0
15:28:16	2	制冷	0	0	99	-27	-27	141	141	0	0	0	0	2	2	114	114	-14	-16	138	138	0	0	0	0	2	2	124	122	4	1	1	50	20	5	100	0	20	5	200	500	500	0	0	0	0	0	0	0	0	0	0	0	0	0	0	0	0	1	1	1	1	0	0	0	0
15:28:18	2	制冷	0	0	99	-27	-27	141	141	0	0	0	0	2	2	114	114	-14	-16	138	138	0	0	0	0	2	2	124	122	4	1	1	50	20	5	100	0	20	5	200	500	500	0	0	0	0	0	0	0	0	0	0	0	0	0	0	0	0	1	1	1	1	0	0	0	0
15:28:20	2	制冷	0	0	99	-27	-27	141	141	0	0	0	0	2	2	114	114	-14	-16	138	138	0	0	0	0	2	2	124	122	4	1	1	50	20	5	100	0	20	5	200	500	500	0	0	0	0	0	0	0	0	0	0	0	0	0	0	0	0	1	1	1	1	0	0	0	0
15:28:22	2	制冷	0	0	99	-27	-27	141	141	0	0	0	0	2	2	114	114	-14	-16	138	138	0	0	0	0	2	2	124	122	4	1	1	50	20	5	100	0	20	5	200	500	500	0	0	0	0	0	0	0	0	0	0	0	0	0	0	0	0	1	1	1	1	0	0	0	0
15:28:24	2	制冷	0	0	99	-27	-27	141	141	0	0	0	0	2	2	114	114	-14	-16	138	138	0	0	0	0	2	2	124	122	4	1	1	50	20	5	100	0	20	5	200	500	500	0	0	0	0	0	0	0	0	0	0	0	0	0	0	0	0	1	1	1	1	0	0	0	0
15:28:26	2	制冷	0	0	99	-27	-27	141	141	0	0	0	0	2	2	114	114	-14	-16	138	138	0	0	0	0	2	2	124	122	4	1	1	50	20	5	100	0	20	5	200	500	500	0	0	0	0	0	0	0	0	0	0	0	0	0	0	0	0	1	1	1	1	0	0	0	0
15:28:28	2	制冷	0	0	99	-27	-27	141	141	0	0	0	0	2	2	114	114	-14	-16	138	138	0	0	0	0	2	2	124	122	4	1	1	50	20	5	100	0	20	5	200	500	500	0	0	0	0	0	0	0	0	0	0	0	0	0	0	0	0	1	1	1	1	0	0	0	0
15:28:30	2	制冷	0	0	99	-27	-27	141	141	0	0	0	0	2	2	114	114	-14	-16	138	138	0	0	0	0	2	2	124	122	4	1	1	50	20	5	100	0	20	5	200	500	500	0	0	0	0	0	0	0	0	0	0	0	0	0	0	0	0	1	1	1	1	0	0	0	0
15:28:32	2	制冷	0	0	99	-27	-27	141	141	0	0	0	0	2	2	114	114	-14	-16	138	138	0	0	0	0	2	2	124	122	4	1	1	50	20	5	100	0	20	5	200	500	500	0	0	0	0	0	0	0	0	0	0	0	0	0	0	0	0	1	1	1	1	0	0	0	0
15:28:34	2	制冷	0	0	99	-27	-27	141	141	0	0	0	0	2	2	114	114	-14	-16	138	138	0	0	0	0	2	2	124	122	4	1	1	50	20	5	100	0	20	5	200	500	500	0	0	0	0	0	0	0	0	0	0	0	0	0	0	0	0	1	1	1	1	0	0	0	0
15:28:36	2	制冷	0	0	99	-27	-27	141	141	0	0	0	0	2	2	114	114	-14	-16	138	138	0	0	0	0	2	2	124	122	4	1	1	50	20	5	100	0	20	5	200	500	500	0	0	0	0	0	0	0	0	0	0	0	0	0	0	0	0	1	1	1	1	0	0	0	0
15:28:38	2	制冷	0	0	99	-27	-27	141	141	0	0	0	0	2	2	114	114	-14	-16	138	138	0	0	0	0	2	2	124	122	4	1	1	50	20	5	100	0	20	5	200	500	500	0	0	0	0	0	0	0	0	0	0	0	0	0	0	0	0	1	1	1	1	0	0	0	0
15:28:40	2	制冷	0	0	99	-27	-27	141	141	0	0	0	0	2	2	114	114	-14	-16	138	138	0	0	0	0	2	2	124	122	4	1	1	50	20	5	100	0	20	5	200	500	500	0	0	0	0	0	0	0	0	0	0	0	0	0	0	0	0	1	1	1	1	0	0	0	0
15:28:42	2	制冷	0	0	99	-27	-27	141	141	0	0	0	0	2	2	114	114	-14	-16	138	138	0	0	0	0	2	2	124	122	4	1	1	50	20	5	100	0	20	5	200	500	500	0	0	0	0	0	0	0	0	0	0	0	0	0	0	0	0	1	1	1	1	0	0	0	0
15:28:44	2	制冷	0	0	99	-27	-27	141	141	0	0	0	0	2	2	114	114	-14	-16	138	138	0	0	0	0	2	2	124	122	4	1	1	50	20	5	100	0	20	5	200	500	500	0	0	0	0	0	0	0	0	0	0	0	0	0	0	0	0	1	1	1	1	0	0	0	0
15:28:46	2	制冷	0	0	99	-27	-27	141	141	0	0	0	0	2	2	114	114	-14	-16	138	138	0	0	0	0	2	2	124	122	4	1	1	50	20	5	100	0	20	5	200	500	500	0	0	0	0	0	0	0	0	0	0	0	0	0	0	0	0	1	1	1	1	0	0	0	0
15:28:48	2	制冷	0	0	99	-27	-27	141	141	0	0	0	0	2	2	114	114	-14	-16	138	138	0	0	0	0	2	2	124	122	4	1	1	50	20	5	100	0	20	5	200	500	500	0	0	0	0	0	0	0	0	0	0	0	0	0	0	0	0	1	1	1	1	0	0	0	0
15:28:50	2	制冷	0	0	99	-27	-27	141	141	0	0	0	0	2	2	114	114	-14	-16	138	138	0	0	0	0	2	2	124	122	4	1	1	50	20	5	100	0	20	5	200	500	500	0	0	0	0	0	0	0	0	0	0	0	0	0	0	0	0	1	1	1	1	0	0	0	0
15:28:52	2	制冷	0	0	99	-27	-27	141	141	0	0	0	0	2	2	114	114	-14	-16	138	138	0	0	0	0	2	2	124	122	4	1	1	50	20	5	100	0	20	5	200	500	500	0	0	0	0	0	0	0	0	0	0	0	0	0	0	0	0	1	1	1	1	0	0	0	0
15:28:54	2	制冷	0	0	99	-27	-27	141	141	0	0	0	0	2	2	114	114	-14	-16	138	138	0	0	0	0	2	2	124	122	4	1	1	50	20	5	100	0	20	5	200	500	500	0	0	0	0	0	0	0	0	0	0	0	0	0	0	0	0	1	1	1	1	0	0	0	0
15:28:56	2	制冷	0	0	99	-27	-27	141	141	0	0	0	0	2	2	114	114	-14	-16	138	138	0	0	0	0	2	2	124	122	4	1	1	50	20	5	100	0	20	5	200	500	500	0	0	0	0	0	0	0	0	0	0	0	0	0	0	0	0	1	1	1	1	0	0	0	0
15:28:58	2	制冷	0	0	99	-27	-27	141	141	0	0	0	0	2	2	114	114	-14	-16	138	138	0	0	0	0	2	2	124	122	4	1	1	50	20	5	100	0	20	5	200	500	500	0	0	0	0	0	0	0	0	0	0	0	0	0	0	0	0	1	1	1	1	0	0	0	0
15:29:00	2	制冷	0	0	99	-27	-27	141	141	0	0	0	0	2	2	114	114	-14	-16	138	138	0	0	0	0	2	2	124	122	4	1	1	50	20	5	100	0	20	5	200	500	500	0	0	0	0	0	0	0	0	0	0	0	0	0	0	0	0	1	1	1	1	0	0	0	0
15:29:02	2	制冷	0	0	99	-27	-27	141	141	0	0	0	0	2	2	114	114	-14	-16	138	138	0	0	0	0	2	2	124	122	4	1	1	50	20	5	100	0	20	5	200	500	500	0	0	0	0	0	0	0	0	0	0	0	0	0	0	0	0	1	1	1	1	0	0	0	0
15:29:04	2	制冷	0	0	99	-27	-27	141	141	0	0	0	0	2	2	114	114	-14	-16	138	138	0	0	0	0	2	2	124	122	4	1	1	50	20	5	100	0	20	5	200	500	500	0	0	0	0	0	0	0	0	0	0	0	0	0	0	0	0	1	1	1	1	0	0	0	0
15:29:06	2	制冷	0	0	99	-27	-27	141	141	0	0	0	0	2	2	114	114	-14	-16	138	138	0	0	0	0	2	2	124	122	4	1	1	50	20	5	100	0	20	5	200	500	500	0	0	0	0	0	0	0	0	0	0	0	0	0	0	0	0	1	1	1	1	0	0	0	0
15:29:08	2	制冷	0	0	99	-27	-27	141	141	0	0	0	0	2	2	114	114	-14	-16	138	138	0	0	0	0	2	2	124	122	4	1	1	50	20	5	100	0	20	5	200	500	500	0	0	0	0	0	0	0	0	0	0	0	0	0	0	0	0	1	1	1	1	0	0	0	0
15:29:10	2	制冷	0	0	99	-27	-27	141	141	0	0	0	0	2	2	114	114	-14	-16	138	138	0	0	0	0	2	2	124	122	4	1	1	50	20	5	100	0	20	5	200	500	500	0	0	0	0	0	0	0	0	0	0	0	0	0	0	0	0	1	1	1	1	0	0	0	0
15:29:12	2	制冷	0	0	99	-27	-27	141	141	0	0	0	0	2	2	114	114	-14	-16	138	138	0	0	0	0	2	2	124	122	4	1	1	50	20	5	100	0	20	5	200	500	500	0	0	0	0	0	0	0	0	0	0	0	0	0	0	0	0	1	1	1	1	0	0	0	0
15:29:14	2	制冷	0	0	99	-27	-27	141	141	0	0	0	0	2	2	114	114	-14	-16	138	138	0	0	0	0	2	2	124	122	4	1	1	50	20	5	100	0	20	5	200	500	500	0	0	0	0	0	0	0	0	0	0	0	0	0	0	0	0	1	1	1	1	0	0	0	0
15:29:16	2	制冷	0	0	99	-27	-27	141	141	0	0	0	0	2	2	114	114	-14	-16	138	138	0	0	0	0	2	2	124	122	4	1	1	50	20	5	100	0	20	5	200	500	500	0	0	0	0	0	0	0	0	0	0	0	0	0	0	0	0	1	1	1	1	0	0	0	0
15:29:18	2	制冷	0	0	99	-27	-27	141	141	0	0	0	0	2	2	114	114	-14	-16	138	138	0	0	0	0	2	2	124	122	4	1	1	50	20	5	100	0	20	5	200	500	500	0	0	0	0	0	0	0	0	0	0	0	0	0	0	0	0	1	1	1	1	0	0	0	0
15:29:20	2	制冷	0	0	99	-27	-27	141	141	0	0	0	0	2	2	114	114	-14	-16	138	138	0	0	0	0	2	2	124	122	4	1	1	50	20	5	100	0	20	5	200	500	500	0	0	0	0	0	0	0	0	0	0	0	0	0	0	0	0	1	1	1	1	0	0	0	0
15:29:22	2	制冷	0	0	99	-27	-27	141	141	0	0	0	0	2	2	114	114	-14	-16	138	138	0	0	0	0	2	2	124	122	4	1	1	50	20	5	100	0	20	5	200	500	500	0	0	0	0	0	0	0	0	0	0	0	0	0	0	0	0	1	1	1	1	0	0	0	0
15:29:24	2	制冷	0	0	99	-27	-27	141	141	0	0	0	0	2	2	114	114	-14	-16	138	138	0	0	0	0	2	2	124	122	4	1	1	50	20	5	100	0	20	5	200	500	500	0	0	0	0	0	0	0	0	0	0	0	0	0	0	0	0	1	1	1	1	0	0	0	0
15:29:26	2	制冷	0	0	99	-27	-27	141	141	0	0	0	0	2	2	114	114	-14	-16	138	138	0	0	0	0	2	2	124	122	4	1	1	50	20	5	100	0	20	5	200	500	500	0	0	0	0	0	0	0	0	0	0	0	0	0	0	0	0	1	1	1	1	0	0	0	0
15:29:28	2	制冷	0	0	99	-27	-27	141	141	0	0	0	0	2	2	114	114	-14	-16	138	138	0	0	0	0	2	2	124	122	4	1	1	50	20	5	100	0	20	5	200	500	500	0	0	0	0	0	0	0	0	0	0	0	0	0	0	0	0	1	1	1	1	0	0	0	0
15:29:30	2	制冷	0	0	99	-27	-27	141	141	0	0	0	0	2	2	114	114	-14	-16	138	138	0	0	0	0	2	2	124	122	4	1	1	50	20	5	100	0	20	5	200	500	500	0	0	0	0	0	0	0	0	0	0	0	0	0	0	0	0	1	1	1	1	0	0	0	0
15:29:32	2	制冷	0	0	99	-27	-27	141	141	0	0	0	0	2	2	114	114	-14	-16	138	138	0	0	0	0	2	2	124	122	4	1	1	50	20	5	100	0	20	5	200	500	500	0	0	0	0	0	0	0	0	0	0	0	0	0	0	0	0	1	1	1	1	0	0	0	0
15:29:34	3	制冷	0	0	99	-27	-27	141	141	0	0	0	0	2	2	114	114	-14	-16	138	138	0	0	0	0	2	2	124	122	4	1	1	50	20	5	100	0	20	5	200	500	500	20	20	20	20	0	0	0	0	20	20	20	20	0	0	0	0	1	1	1	1	0	0	0	0
15:29:36	3	制冷	0	0	3	-27	-27	141	141	0	0	0	0	2	2	114	114	-14	-16	138	138	0	0	0	0	2	2	124	122	4	1	1	50	20	5	100	0	20	5	200	500	500	0	0	0	0	0	0	0	0	18	0	0	17	0	0	0	0	1	1	1	1	0	0	0	0
15:29:38	3	制冷	0	0	99	-27	-27	141	141	0	0	0	0	2	2	114	114	-14	-16	138	138	0	0	0	0	2	2	124	122	4	1	1	50	20	5	100	0	20	5	200	500	500	0	0	0	0	0	0	0	0	0	0	0	0	0	0	0	0	1	1	1	1	0	0	0	0
15:29:40	3	制冷	0	0	99	-27	-27	141	141	0	0	0	0	2	2	114	114	-14	-16	138	138	0	0	0	0	2	2	124	122	4	1	1	50	20	5	100	0	20	5	200	500	500	0	0	0	0	0	0	0	0	0	0	0	0	0	0	0	0	1	1	1	1	0	0	0	0
15:29:42	3	制冷	0	0	99	-27	-27	141	141	0	0	0	0	2	2	114	114	-14	-16	138	138	0	0	0	0	2	2	124	122	4	1	1	50	20	5	100	0	20	5	200	500	500	0	0	0	0	0	0	0	0	0	0	0	0	0	0	0	0	1	1	1	1	0	0	0	0
15:29:44	3	制冷	0	0	99	-27	-27	141	141	0	0	0	0	2	2	114	114	-14	-16	138	138	0	0	0	0	2	2	124	122	4	1	1	50	20	5	100	0	20	5	200	500	500	0	0	0	0	0	0	0	0	0	0	0	0	0	0	0	0	1	1	1	1	0	0	0	0
15:29:46	3	制冷	0	0	99	-27	-27	141	141	0	0	0	0	2	2	114	114	-14	-16	138	138	0	0	0	0	2	2	124	122	4	1	1	50	20	5	100	0	20	5	200	500	500	0	0	0	0	0	0	0	0	0	0	0	0	0	0	0	0	1	1	1	1	0	0	0	0
15:29:48	3	制冷	0	0	99	-27	-27	141	141	0	0	0	0	2	2	114	114	-14	-16	138	138	0	0	0	0	2	2	124	122	4	1	1	50	20	5	100	0	20	5	200	500	500	0	0	0	0	0	0	0	0	0	0	0	0	0	0	0	0	1	1	1	1	0	0	0	0
15:29:50	3	制冷	0	0	99	-27	-27	141	141	0	0	0	0	2	2	114	114	-14	-16	138	138	0	0	0	0	2	2	124	122	4	1	1	50	20	5	100	0	20	5	200	500	500	0	0	0	0	0	0	0	0	0	0	0	0	0	0	0	0	1	1	1	1	0	0	0	0
15:29:52	3	制冷	0	0	99	-27	-27	141	141	0	0	0	0	2	2	114	114	-14	-16	138	138	0	0	0	0	2	2	124	122	4	1	1	50	20	5	100	0	20	5	200	500	500	0	0	0	0	0	0	0	0	0	0	0	0	0	0	0	0	1	1	1	1	0	0	0	0
15:29:54	3	制冷	0	0	99	-27	-27	141	141	0	0	0	0	2	2	114	114	-14	-16	138	138	0	0	0	0	2	2	124	122	4	1	1	50	20	5	100	0	20	5	200	500	500	0	0	0	0	0	0	0	0	0	0	0	0	0	0	0	0	1	1	1	1	0	0	0	0
15:29:56	3	制冷	0	0	99	-27	-27	141	141	0	0	0	0	2	2	114	114	-14	-16	138	138	0	0	0	0	2	2	124	122	4	1	1	50	20	5	100	0	20	5	200	500	500	0	0	0	0	0	0	0	0	0	0	0	0	0	0	0	0	1	1	1	1	0	0	0	0
15:29:58	3	制冷	0	0	99	-27	-27	141	141	0	0	0	0	2	2	114	114	-14	-16	138	138	0	0	0	0	2	2	124	122	4	1	1	50	20	5	100	0	20	5	200	500	500	0	0	0	0	0	0	0	0	0	0	0	0	0	0	0	0	1	1	1	1	0	0	0	0
15:30:00	3	制冷	0	0	99	-27	-27	141	141	0	0	0	0	2	2	114	114	-14	-16	138	138	0	0	0	0	2	2	124	122	4	1	1	50	20	5	100	0	20	5	200	500	500	0	0	0	0	0	0	0	0	0	0	0	0	0	0	0	0	1	1	1	1	0	0	0	0
15:30:02	3	制冷	0	0	99	-27	-27	141	141	0	0	0	0	2	2	114	114	-14	-16	138	138	0	0	0	0	2	2	124	122	4	1	1	50	20	5	100	0	20	5	200	500	500	0	0	0	0	0	0	0	0	0	0	0	0	0	0	0	0	1	1	1	1	0	0	0	0
15:30:04	3	制冷	0	0	99	-27	-27	141	141	0	0	0	0	2	2	114	114	-14	-16	138	138	0	0	0	0	2	2	124	122	4	0	0	50	20	5	100	0	20	5	200	500	500	0	0	0	0	0	0	0	0	0	0	0	0	0	0	0	0	1	1	1	1	0	0	0	0
15:30:06	3	制冷	0	0	99	-27	-27	141	141	0	0	0	0	2	2	114	114	-14	-16	138	138	0	0	0	0	2	2	124	122	4	0	0	50	20	5	100	0	20	5	200	500	500	0	0	0	0	0	0	0	0	0	0	0	0	0	0	0	0	1	1	1	1	0	0	0	0
15:30:08	3	制冷	0	0	99	-27	-27	141	141	0	0	0	0	2	2	114	114	-14	-16	138	138	0	0	0	0	2	2	124	122	4	0	0	50	20	5	100	0	20	5	200	500	500	0	0	0	0	0	0	0	0	0	0	0	0	0	0	0	0	1	1	1	1	0	0	0	0
15:30:10	3	制冷	0	0	99	-27	-27	141	141	0	0	0	0	2	2	114	114	-14	-16	138	138	0	0	0	0	2	2	124	122	4	0	0	50	20	5	100	0	20	5	200	500	500	0	0	0	0	0	0	0	0	0	0	0	0	0	0	0	0	1	1	1	1	0	0	0	0
15:30:12	3	制冷	0	0	99	-27	-27	141	141	0	0	0	0	2	2	114	114	-14	-16	138	138	0	0	0	0	2	2	124	122	4	0	0	50	20	5	100	0	20	5	200	500	500	0	0	0	0	0	0	0	0	0	0	0	0	0	0	0	0	1	1	1	1	0	0	0	0
15:30:14	3	制冷	0	0	99	-27	-27	141	141	0	0	0	0	2	2	114	114	-14	-16	138	138	0	0	0	0	2	2	124	122	4	0	0	50	20	5	100	0	20	5	200	500	500	0	0	0	0	0	0	0	0	0	0	0	0	0	0	0	0	1	1	1	1	0	0	0	0
15:30:16	3	制冷	0	0	99	-27	-27	141	141	0	0	0	0	0	0	114	114	-14	-16	138	138	0	0	0	0	0	0	124	122	4	0	0	50	20	5	100	0	20	5	200	500	500	0	0	0	0	0	0	0	0	0	0	0	0	0	0	0	0	0	0	0	0	0	0	0	0
15:30:18	3	制冷	0	0	99	-27	-27	141	141	0	0	0	0	0	0	114	114	-14	-16	138	138	0	0	0	0	0	0	124	122	4	0	0	50	20	5	100	0	20	5	200	500	500	0	0	0	0	0	0	0	0	0	0	0	0	0	0	0	0	0	0	0	0	0	0	0	0
15:30:20	3	制冷	0	0	99	-27	-27	141	141	0	0	0	0	0	0	114	114	-14	-16	138	138	0	0	0	0	0	0	124	122	4	0	0	50	20	5	100	0	20	5	200	500	500	0	0	0	0	0	0	0	0	0	0	0	0	0	0	0	0	0	0	0	0	0	0	0	0
15:30:22	3	制冷	0	0	99	-27	-27	141	141	0	0	0	0	0	0	114	114	-14	-16	138	138	0	0	0	0	0	0	124	122	4	0	0	50	20	5	100	0	20	5	200	500	500	0	0	0	0	0	0	0	0	0	0	0	0	0	0	0	0	0	0	0	0	0	0	0	0
15:30:24	3	制冷	0	0	99	-27	-27	141	141	0	0	0	0	0	0	114	114	-14	-16	138	138	0	0	0	0	0	0	124	122	4	0	0	50	20	5	100	0	20	5	200	500	500	0	0	0	0	0	0	0	0	0	0	0	0	0	0	0	0	0	0	0	0	0	0	0	0
15:30:26	3	制冷	0	0	99	-27	-27	141	141	0	0	0	0	0	0	114	114	-14	-16	138	138	0	0	0	0	0	0	124	122	4	0	0	50	20	5	100	0	20	5	200	500	500	0	0	0	0	0	0	0	0	0	0	0	0	0	0	0	0	0	0	0	0	0	0	0	0
15:30:28	3	制冷	0	0	99	-27	-27	141	141	0	0	0	0	0	0	114	114	-14	-16	138	138	0	0	0	0	0	0	124	122	4	0	0	50	20	5	100	0	20	5	200	500	500	0	0	0	0	0	0	0	0	0	0	0	0	0	0	0	0	0	0	0	0	0	0	0	0
15:30:30	3	制冷	0	0	99	-27	-27	141	141	0	0	0	0	0	0	114	114	-14	-16	138	138	0	0	0	0	0	0	124	122	4	0	0	50	20	5	100	0	20	5	200	500	500	0	0	0	0	0	0	0	0	0	0	0	0	0	0	0	0	0	0	0	0	0	0	0	0
15:30:32	3	制冷	0	0	99	-27	-27	141	141	0	0	0	0	0	0	114	114	-14	-16	138	138	0	0	0	0	0	0	124	122	4	0	0	50	20	5	100	0	20	5	200	500	500	0	0	0	0	0	0	0	0	0	0	0	0	0	0	0	0	0	0	0	0	0	0	0	0
