时间	SysStep	SysStep名	故障	急停	模式	冷媒类型	1#压机1	1#压机2	1#翅片1	1#翅片2	1#排气1	1#排气2	1#吸气1	1#吸气2	1#过热度1	1#过热度2	1#外EEV步1	1#外EEV步2	1#外EEV目1	1#外EEV目2	1#高压1	1#低压1	1#高压2	1#低压2	1#蒸发1	1#蒸发2	2#压机1	2#压机2	2#翅片1	2#翅片2	2#排气1	2#排气2	2#吸气1	2#吸气2	2#过热度1	2#过热度2	2#外EEV步1	2#外EEV步2	2#外EEV目1	2#外EEV目2	2#高压1	2#低压1	2#高压2	2#低压2	2#蒸发1	2#蒸发2	1#E(K)1	1#步数1	1#E(K)2	1#步数2	2#E(K)1	2#步数1	2#E(K)2	2#步数2	脉冲总数	开度上限	扫描周期	Y设定	YD	KP	TI	TD	限步	化霜开度	起始开度	目标台数	命令A1	命令A2	调度号	内目标1	内目标2	内目标3	内目标4	内目标5	内目标6	内目标7	内目标8	内当前1	内当前2	内当前3	内当前4	内当前5	内当前6	内当前7	内当前8	ON1	ON2	ON3	ON4	ON5	ON6	ON7	ON8
15:31:06	4	停机后	0	0	制冷	R410A	0	0	107	128	296	415	114	114	-27	-27	0	0	0	0	721	1121	721	1122	141	141	0	0	92	97	228	281	124	122	-14	-16	0	0	0	0	703	1113	709	1114	138	138	0	0	0	0	0	0	0	0	500	500	5	50	20	5	100	0	20	350	200	4	0	0	99	0	0	0	0	0	0	0	0	0	0	0	0	0	0	0	0	0	0	0	0	0	0	0	0
15:31:08	4	停机后	0	0	制冷	R410A	0	0	107	128	296	415	114	114	-27	-27	0	0	0	0	721	1121	721	1122	141	141	0	0	92	97	228	281	124	122	-14	-16	0	0	0	0	703	1113	709	1114	138	138	0	0	0	0	0	0	0	0	500	500	5	50	20	5	100	0	20	350	200	4	0	0	99	0	0	0	0	0	0	0	0	0	0	0	0	0	0	0	0	0	0	0	0	0	0	0	0
15:31:10	4	停机后	0	0	制冷	R410A	0	0	107	128	296	415	114	114	-27	-27	0	0	0	0	721	1121	721	1122	141	141	0	0	92	97	228	281	124	122	-14	-16	0	0	0	0	703	1113	709	1114	138	138	0	0	0	0	0	0	0	0	500	500	5	50	20	5	100	0	20	350	200	4	0	0	99	0	0	0	0	0	0	0	0	0	0	0	0	0	0	0	0	0	0	0	0	0	0	0	0
15:31:12	4	停机后	0	0	制冷	R410A	0	0	107	128	296	415	114	114	-27	-27	0	0	0	0	721	1121	721	1122	141	141	0	0	92	97	228	281	124	122	-14	-16	0	0	0	0	703	1113	709	1114	138	138	0	0	0	0	0	0	0	0	500	500	5	50	20	5	100	0	20	350	200	4	0	0	99	0	0	0	0	0	0	0	0	0	0	0	0	0	0	0	0	0	0	0	0	0	0	0	0
15:31:14	4	停机后	0	0	制冷	R410A	0	0	107	128	296	415	114	114	-27	-27	0	0	0	0	721	1123	721	1122	141	141	0	0	92	96	228	281	124	122	-14	-16	0	0	0	0	703	1113	706	1114	138	138	0	0	0	0	0	0	0	0	500	500	5	50	20	5	100	0	20	350	200	4	0	0	99	0	0	0	0	0	0	0	0	0	0	0	0	0	0	0	0	0	0	0	0	0	0	0	0
15:31:16	4	停机后	0	0	制冷	R410A	0	0	107	128	296	415	114	114	-27	-27	0	0	0	0	721	1123	721	1122	141	141	0	0	92	96	228	281	124	122	-14	-16	0	0	0	0	703	1113	706	1114	138	138	0	0	0	0	0	0	0	0	500	500	5	50	20	5	100	0	20	350	200	4	0	0	99	0	0	0	0	0	0	0	0	0	0	0	0	0	0	0	0	0	0	0	0	0	0	0	0
15:31:18	4	停机后	0	0	制冷	R410A	0	0	107	128	296	415	114	114	-27	-27	0	0	0	0	721	1123	721	1122	141	141	0	0	92	96	228	281	124	122	-14	-16	0	0	0	0	703	1113	706	1114	138	138	0	0	0	0	0	0	0	0	500	500	5	50	20	5	100	0	20	350	200	4	0	0	99	0	0	0	0	0	0	0	0	0	0	0	0	0	0	0	0	0	0	0	0	0	0	0	0
15:31:20	4	停机后	0	0	制冷	R410A	0	0	107	128	296	415	114	114	-27	-27	0	0	0	0	721	1123	721	1122	141	141	0	0	92	96	228	281	124	122	-14	-16	0	0	0	0	703	1113	706	1114	138	138	0	0	0	0	0	0	0	0	500	500	5	50	20	5	100	0	20	350	200	4	0	0	99	0	0	0	0	0	0	0	0	0	0	0	0	0	0	0	0	0	0	0	0	0	0	0	0
15:31:22	4	停机后	0	0	制冷	R410A	0	0	107	128	296	415	114	114	-27	-27	0	0	0	0	721	1123	721	1122	141	141	0	0	92	96	228	281	124	122	-14	-16	0	0	0	0	703	1113	706	1114	138	138	0	0	0	0	0	0	0	0	500	500	5	50	20	5	100	0	20	350	200	4	0	0	99	0	0	0	0	0	0	0	0	0	0	0	0	0	0	0	0	0	0	0	0	0	0	0	0
15:31:24	4	停机后	0	0	制冷	R410A	0	0	107	128	296	415	114	114	-27	-27	0	0	0	0	718	1121	721	1122	141	141	0	0	92	96	228	281	124	122	-14	-16	0	0	0	0	703	1113	706	1114	138	138	0	0	0	0	0	0	0	0	500	500	5	50	20	5	100	0	20	350	200	4	0	0	99	0	0	0	0	0	0	0	0	0	0	0	0	0	0	0	0	0	0	0	0	0	0	0	0
15:31:26	4	停机后	0	0	制冷	R410A	0	0	107	128	296	415	114	114	-27	-27	0	0	0	0	718	1121	721	1122	141	141	0	0	92	96	228	281	124	122	-14	-16	0	0	0	0	703	1113	709	1114	138	138	0	0	0	0	0	0	0	0	500	500	5	50	20	5	100	0	20	350	200	4	0	0	99	0	0	0	0	0	0	0	0	0	0	0	0	0	0	0	0	0	0	0	0	0	0	0	0
15:31:28	4	停机后	0	0	制冷	R410A	0	0	107	128	296	415	114	114	-27	-27	0	0	0	0	718	1121	721	1122	141	141	0	0	92	96	228	281	124	122	-14	-16	0	0	0	0	703	1113	709	1114	138	138	0	0	0	0	0	0	0	0	500	500	5	50	20	5	100	0	20	350	200	4	0	0	99	0	0	0	0	0	0	0	0	0	0	0	0	0	0	0	0	0	0	0	0	0	0	0	0
15:31:30	4	停机后	0	0	制冷	R410A	0	0	107	128	296	415	114	114	-27	-27	0	0	0	0	718	1121	721	1122	141	141	0	0	92	96	228	281	124	122	-14	-16	0	0	0	0	703	1113	709	1114	138	138	0	0	0	0	0	0	0	0	500	500	5	50	20	5	100	0	20	350	200	4	0	0	99	0	0	0	0	0	0	0	0	0	0	0	0	0	0	0	0	0	0	0	0	0	0	0	0
15:31:32	4	停机后	0	0	制冷	R410A	0	0	107	128	296	415	114	114	-27	-27	0	0	0	0	718	1121	721	1122	141	141	0	0	92	96	228	281	124	122	-14	-16	0	0	0	0	703	1113	709	1114	138	138	0	0	0	0	0	0	0	0	500	500	5	50	20	5	100	0	20	350	200	4	0	0	99	0	0	0	0	0	0	0	0	0	0	0	0	0	0	0	0	0	0	0	0	0	0	0	0
15:31:34	4	停机后	0	0	制冷	R410A	0	0	107	128	296	415	114	114	-27	-27	0	0	0	0	718	1121	721	1122	141	141	0	0	92	96	228	281	124	122	-14	-16	0	0	0	0	703	1113	709	1114	138	138	0	0	0	0	0	0	0	0	500	500	5	50	20	5	100	0	20	350	200	4	0	0	99	0	0	0	0	0	0	0	0	0	0	0	0	0	0	0	0	0	0	0	0	0	0	0	0
15:31:36	4	停机后	0	0	制冷	R410A	0	0	107	128	296	415	114	114	-27	-27	0	0	0	0	721	1121	721	1122	141	141	0	0	92	97	228	281	124	122	-14	-16	0	0	0	0	703	1113	709	1114	138	138	0	0	0	0	0	0	0	0	500	500	5	50	20	5	100	0	20	350	200	4	0	0	99	0	0	0	0	0	0	0	0	0	0	0	0	0	0	0	0	0	0	0	0	0	0	0	0
15:31:38	4	停机后	0	0	制冷	R410A	0	0	107	128	296	415	114	114	-27	-27	0	0	0	0	721	1121	721	1122	141	141	0	0	92	97	228	281	124	122	-14	-16	0	0	0	0	703	1113	709	1114	138	138	0	0	0	0	0	0	0	0	500	500	5	50	20	5	100	0	20	350	200	4	0	0	99	0	0	0	0	0	0	0	0	0	0	0	0	0	0	0	0	0	0	0	0	0	0	0	0
15:31:40	4	停机后	0	0	制冷	R410A	0	0	107	128	296	415	114	114	-27	-27	0	0	0	0	721	1121	721	1122	141	141	0	0	92	97	228	281	124	122	-14	-16	0	0	0	0	703	1113	709	1114	138	138	0	0	0	0	0	0	0	0	500	500	5	50	20	5	100	0	20	350	200	4	0	0	99	0	0	0	0	0	0	0	0	0	0	0	0	0	0	0	0	0	0	0	0	0	0	0	0
15:31:42	4	停机后	0	0	制冷	R410A	0	0	107	128	296	415	114	114	-27	-27	0	0	0	0	721	1121	721	1122	141	141	0	0	92	97	228	281	124	122	-14	-16	0	0	0	0	703	1113	709	1114	138	138	0	0	0	0	0	0	0	0	500	500	5	50	20	5	100	0	20	350	200	4	0	0	99	0	0	0	0	0	0	0	0	0	0	0	0	0	0	0	0	0	0	0	0	0	0	0	0
15:31:44	0	停机	0	0	制冷	R410A	0	0	107	128	296	415	114	114	-27	-27	0	0	0	0	721	1121	721	1122	141	141	0	0	92	97	228	281	124	122	-14	-16	0	0	0	0	703	1113	709	1114	138	138	0	0	0	0	0	0	0	0	500	500	5	50	20	5	100	0	20	350	200	0	0	0	99	0	0	0	0	0	0	0	0	0	0	0	0	0	0	0	0	0	0	0	0	0	0	0	0
15:31:46	0	停机	0	0	制冷	R410A	0	0	107	128	296	415	114	114	-27	-27	0	0	0	0	721	1121	721	1122	141	141	0	0	92	97	228	281	124	122	-14	-16	0	0	0	0	703	1113	709	1114	138	138	0	0	0	0	0	0	0	0	500	500	5	50	20	5	100	0	20	350	200	0	0	0	99	0	0	0	0	0	0	0	0	0	0	0	0	0	0	0	0	0	0	0	0	0	0	0	0
15:31:48	0	停机	0	0	制冷	R410A	0	0	107	128	296	415	114	114	-27	-27	0	0	0	0	718	1121	718	1122	141	141	0	0	92	96	228	281	124	122	-14	-16	0	0	0	0	706	1115	706	1114	138	138	0	0	0	0	0	0	0	0	500	500	5	50	20	5	100	0	20	350	200	0	0	0	99	0	0	0	0	0	0	0	0	0	0	0	0	0	0	0	0	0	0	0	0	0	0	0	0
15:31:50	0	停机	0	0	制冷	R410A	0	0	107	128	296	415	114	114	-27	-27	0	0	0	0	718	1121	718	1122	141	141	0	0	92	96	228	281	124	122	-14	-16	0	0	0	0	706	1115	706	1114	138	138	0	0	0	0	0	0	0	0	500	500	5	50	20	5	100	0	20	350	200	0	0	0	99	0	0	0	0	0	0	0	0	0	0	0	0	0	0	0	0	0	0	0	0	0	0	0	0
15:31:52	0	停机	0	0	制冷	R410A	0	0	107	128	296	415	114	114	-27	-27	0	0	0	0	718	1121	718	1122	141	141	0	0	92	96	228	281	124	122	-14	-16	0	0	0	0	706	1115	706	1114	138	138	0	0	0	0	0	0	0	0	500	500	5	50	20	5	100	0	20	350	200	0	0	0	99	0	0	0	0	0	0	0	0	0	0	0	0	0	0	0	0	0	0	0	0	0	0	0	0
15:31:54	1	启动中	0	0	制冷	R410A	0	0	107	128	296	415	114	114	-27	-27	0	0	0	0	718	1121	718	1122	141	141	0	0	92	96	228	281	124	122	-14	-16	0	0	0	0	706	1115	706	1114	138	138	0	0	0	0	0	0	0	0	500	500	5	50	20	5	100	0	20	350	200	0	0	0	99	0	0	0	0	0	0	0	0	0	0	0	0	0	0	0	0	0	0	0	0	0	0	0	0
15:31:56	1	启动中	0	0	制冷	R410A	0	0	107	128	296	415	114	114	-27	-27	0	0	0	0	718	1121	718	1122	141	141	0	0	92	96	228	281	124	122	-14	-16	0	0	0	0	706	1115	706	1114	138	138	0	0	0	0	0	0	0	0	500	500	5	50	20	5	100	0	20	350	200	0	0	0	99	0	0	0	0	0	0	0	0	0	0	0	0	0	0	0	0	0	0	0	0	0	0	0	0
15:31:58	1	启动中	0	0	制冷	R410A	0	0	107	128	296	415	114	114	-27	-27	0	0	0	0	718	1121	718	1122	141	141	0	0	92	96	228	281	124	122	-14	-16	0	0	0	0	706	1115	706	1114	138	138	0	0	0	0	0	0	0	0	500	500	5	50	20	5	100	0	20	350	200	0	0	0	99	0	0	0	0	0	0	0	0	0	0	0	0	0	0	0	0	0	0	0	0	0	0	0	0
15:32:00	1	启动中	0	0	制冷	R410A	0	0	107	128	296	415	114	114	-27	-27	0	0	0	0	718	1121	721	1122	141	141	0	0	92	97	228	281	124	122	-14	-16	0	0	0	0	706	1115	706	1114	138	138	0	0	0	0	0	0	0	0	500	500	5	50	20	5	100	0	20	350	200	0	0	0	99	0	0	0	0	0	0	0	0	0	0	0	0	0	0	0	0	0	0	0	0	0	0	0	0
15:32:02	1	启动中	0	0	制冷	R410A	0	0	107	128	296	415	114	114	-27	-27	0	0	0	0	718	1121	721	1122	141	141	0	0	92	97	228	281	124	122	-14	-16	0	0	0	0	706	1115	706	1114	138	138	0	0	0	0	0	0	0	0	500	500	5	50	20	5	100	0	20	350	200	0	0	0	99	0	0	0	0	0	0	0	0	0	0	0	0	0	0	0	0	0	0	0	0	0	0	0	0
15:32:04	1	启动中	0	0	制冷	R410A	0	0	107	128	296	415	114	114	-27	-27	0	0	0	0	718	1121	721	1122	141	141	0	0	92	97	228	281	124	122	-14	-16	0	0	0	0	706	1115	706	1114	138	138	0	0	0	0	0	0	0	0	500	500	5	50	20	5	100	0	20	350	200	0	0	0	99	0	0	0	0	0	0	0	0	0	0	0	0	0	0	0	0	0	0	0	0	0	0	0	0
15:32:06	1	启动中	0	0	制冷	R410A	0	0	107	128	296	415	114	114	-27	-27	0	0	0	0	718	1121	721	1122	141	141	0	0	92	97	228	281	124	122	-14	-16	0	0	0	0	706	1115	706	1114	138	138	0	0	0	0	0	0	0	0	500	500	5	50	20	5	100	0	20	350	200	0	0	0	99	0	0	0	0	0	0	0	0	0	0	0	0	0	0	0	0	0	0	0	0	0	0	0	0
15:32:08	1	启动中	0	0	制冷	R410A	0	0	107	128	296	415	114	114	-27	-27	0	0	0	0	718	1121	721	1122	141	141	0	0	92	97	228	281	124	122	-14	-16	0	0	0	0	706	1115	706	1114	138	138	0	0	0	0	0	0	0	0	500	500	5	50	20	5	100	0	20	350	200	0	0	0	99	0	0	0	0	0	0	0	0	0	0	0	0	0	0	0	0	0	0	0	0	0	0	0	0
15:32:10	1	启动中	0	0	制冷	R410A	0	0	107	128	296	415	114	114	-27	-27	0	0	0	0	718	1121	721	1122	141	141	0	0	92	97	228	281	124	122	-14	-16	0	0	0	0	706	1115	706	1114	138	138	0	0	0	0	0	0	0	0	500	500	5	50	20	5	100	0	20	350	200	0	0	0	99	0	0	0	0	0	0	0	0	0	0	0	0	0	0	0	0	0	0	0	0	0	0	0	0
15:32:12	1	启动中	0	0	制冷	R410A	0	0	107	128	296	415	114	114	-27	-27	0	0	0	0	721	1123	721	1122	141	141	0	0	92	97	228	281	124	122	-14	-16	0	0	0	0	703	1113	709	1114	138	138	0	0	0	0	0	0	0	0	500	500	5	50	20	5	100	0	20	350	200	0	0	0	99	0	0	0	0	0	0	0	0	0	0	0	0	0	0	0	0	0	0	0	0	0	0	0	0
15:32:14	1	启动中	0	0	制冷	R410A	0	0	107	128	296	415	114	114	-27	-27	0	0	0	0	721	1123	721	1122	141	141	0	0	92	97	228	281	124	122	-14	-16	0	0	0	0	703	1113	709	1114	138	138	0	0	0	0	0	0	0	0	500	500	5	50	20	5	100	0	20	350	200	0	0	0	99	0	0	0	0	0	0	0	0	0	0	0	0	0	0	0	0	0	0	0	0	0	0	0	0
15:32:16	1	启动中	0	0	制冷	R410A	0	0	107	128	296	415	114	114	-27	-27	0	0	0	0	721	1123	721	1122	141	141	0	0	92	97	228	281	124	122	-14	-16	0	0	0	0	703	1113	709	1114	138	138	0	0	0	0	0	0	0	0	500	500	5	50	20	5	100	0	20	350	200	0	0	0	99	0	0	0	0	0	0	0	0	0	0	0	0	0	0	0	0	0	0	0	0	0	0	0	0
15:32:18	1	启动中	0	0	制冷	R410A	0	0	107	128	296	415	114	114	-27	-27	0	0	0	0	721	1123	721	1122	141	141	0	0	92	97	228	281	124	122	-14	-16	0	0	0	0	703	1113	709	1114	138	138	0	0	0	0	0	0	0	0	500	500	5	50	20	5	100	0	20	350	200	0	0	0	99	0	0	0	0	0	0	0	0	0	0	0	0	0	0	0	0	0	0	0	0	0	0	0	0
15:32:20	1	启动中	0	0	制冷	R410A	0	0	107	128	296	415	114	114	-27	-27	0	0	0	0	721	1123	721	1122	141	141	0	0	92	97	228	281	124	122	-14	-16	0	0	0	0	703	1113	709	1114	138	138	0	0	0	0	0	0	0	0	500	500	5	50	20	5	100	0	20	350	200	0	0	0	99	0	0	0	0	0	0	0	0	0	0	0	0	0	0	0	0	0	0	0	0	0	0	0	0
15:32:22	1	启动中	0	0	制冷	R410A	0	0	107	128	296	415	114	114	-27	-27	0	0	0	0	718	1121	718	1122	141	141	0	0	92	97	228	281	124	122	-14	-16	0	0	0	0	703	1113	709	1116	138	138	0	0	0	0	0	0	0	0	500	500	5	50	20	5	100	0	20	350	200	0	0	0	99	0	0	0	0	0	0	0	0	0	0	0	0	0	0	0	0	0	0	0	0	0	0	0	0
15:32:24	1	启动中	0	0	制冷	R410A	0	0	107	128	296	415	114	114	-27	-27	0	0	0	0	718	1121	718	1122	141	141	0	0	92	97	228	281	124	122	-14	-16	0	0	0	0	703	1113	709	1116	138	138	0	0	0	0	0	0	0	0	500	500	5	50	20	5	100	0	20	350	200	0	0	0	99	0	0	0	0	0	0	0	0	0	0	0	0	0	0	0	0	0	0	0	0	0	0	0	0
15:32:26	1	启动中	0	0	制冷	R410A	0	0	107	128	296	415	114	114	-27	-27	0	0	0	0	718	1121	718	1122	141	141	0	0	92	97	228	281	124	122	-14	-16	0	0	0	0	703	1113	709	1116	138	138	0	0	0	0	0	0	0	0	500	500	5	50	20	5	100	0	20	350	200	0	0	0	99	0	0	0	0	0	0	0	0	0	0	0	0	0	0	0	0	0	0	0	0	0	0	0	0
15:32:28	1	启动中	0	0	制冷	R410A	0	0	107	128	296	415	114	114	-27	-27	0	0	0	0	718	1121	718	1122	141	141	0	0	92	97	228	281	124	122	-14	-16	0	0	0	0	703	1113	709	1116	138	138	0	0	0	0	0	0	0	0	500	500	5	50	20	5	100	0	20	350	200	0	0	0	99	0	0	0	0	0	0	0	0	0	0	0	0	0	0	0	0	0	0	0	0	0	0	0	0
15:32:30	1	启动中	0	0	制冷	R410A	0	0	107	128	296	415	114	114	-27	-27	0	0	0	0	718	1121	718	1122	141	141	0	0	92	97	228	281	124	122	-14	-16	0	0	0	0	703	1113	709	1116	138	138	0	0	0	0	0	0	0	0	500	500	5	50	20	5	100	0	20	350	200	0	0	0	99	0	0	0	0	0	0	0	0	0	0	0	0	0	0	0	0	0	0	0	0	0	0	0	0
15:32:32	1	启动中	0	0	制冷	R410A	0	0	107	128	296	415	114	114	-27	-27	0	0	0	0	718	1121	718	1122	141	141	0	0	92	97	228	281	124	122	-14	-16	0	0	0	0	703	1113	709	1116	138	138	0	0	0	0	0	0	0	0	500	500	5	50	20	5	100	0	20	350	200	0	0	0	99	0	0	0	0	0	0	0	0	0	0	0	0	0	0	0	0	0	0	0	0	0	0	0	0
15:32:34	1	启动中	0	0	制冷	R410A	0	0	107	128	296	415	114	114	-27	-27	0	0	0	0	721	1123	721	1122	141	141	0	0	92	96	228	281	124	122	-14	-16	0	0	0	0	703	1113	709	1114	138	138	0	0	0	0	0	0	0	0	500	500	5	50	20	5	100	0	20	350	200	0	0	0	99	0	0	0	0	0	0	0	0	0	0	0	0	0	0	0	0	0	0	0	0	0	0	0	0
15:32:36	1	启动中	0	0	制冷	R410A	0	0	107	128	296	415	114	114	-27	-27	0	0	0	0	721	1123	721	1122	141	141	0	0	92	96	228	281	124	122	-14	-16	0	0	0	0	703	1113	709	1114	138	138	0	0	0	0	0	0	0	0	500	500	5	50	20	5	100	0	20	350	200	0	0	0	99	0	0	0	0	0	0	0	0	0	0	0	0	0	0	0	0	0	0	0	0	0	0	0	0
15:32:38	1	启动中	0	0	制冷	R410A	0	0	107	128	296	415	114	114	-27	-27	0	0	0	0	721	1123	721	1122	141	141	0	0	92	96	228	281	124	122	-14	-16	0	0	0	0	703	1113	709	1114	138	138	0	0	0	0	0	0	0	0	500	500	5	50	20	5	100	0	20	350	200	0	0	0	99	0	0	0	0	0	0	0	0	0	0	0	0	0	0	0	0	0	0	0	0	0	0	0	0
15:32:40	1	启动中	0	0	制冷	R410A	0	0	107	128	296	415	114	114	-27	-27	0	0	0	0	721	1123	721	1122	141	141	0	0	92	96	228	281	124	122	-14	-16	0	0	0	0	703	1113	709	1114	138	138	0	0	0	0	0	0	0	0	500	500	5	50	20	5	100	0	20	350	200	0	0	0	99	0	0	0	0	0	0	0	0	0	0	0	0	0	0	0	0	0	0	0	0	0	0	0	0
15:32:42	1	启动中	0	0	制冷	R410A	0	0	107	128	296	415	114	114	-27	-27	0	0	0	0	721	1123	721	1122	141	141	0	0	92	96	228	281	124	122	-14	-16	0	0	0	0	703	1113	709	1114	138	138	0	0	0	0	0	0	0	0	500	500	5	50	20	5	100	0	20	350	200	0	0	0	99	0	0	0	0	0	0	0	0	0	0	0	0	0	0	0	0	0	0	0	0	0	0	0	0
15:32:44	1	启动中	0	0	制冷	R410A	0	0	107	128	296	415	114	114	-27	-27	0	0	0	0	721	1123	721	1122	141	141	0	0	92	96	228	281	124	122	-14	-16	0	0	0	0	703	1113	709	1114	138	138	0	0	0	0	0	0	0	0	500	500	5	50	20	5	100	0	20	350	200	0	0	0	99	0	0	0	0	0	0	0	0	0	0	0	0	0	0	0	0	0	0	0	0	0	0	0	0
15:32:46	1	启动中	0	0	制冷	R410A	0	0	107	128	296	415	114	114	-27	-27	0	0	0	0	718	1121	721	1122	141	141	0	0	92	96	228	281	124	122	-14	-16	0	0	0	0	706	1115	706	1114	138	138	0	0	0	0	0	0	0	0	500	500	5	50	20	5	100	0	20	350	200	0	0	0	99	0	0	0	0	0	0	0	0	0	0	0	0	0	0	0	0	0	0	0	0	0	0	0	0
15:32:48	1	启动中	0	0	制冷	R410A	0	0	107	128	296	415	114	114	-27	-27	0	0	0	0	718	1121	721	1122	141	141	0	0	92	96	228	281	124	122	-14	-16	0	0	0	0	706	1115	706	1114	138	138	0	0	0	0	0	0	0	0	500	500	5	50	20	5	100	0	20	350	200	0	0	0	99	0	0	0	0	0	0	0	0	0	0	0	0	0	0	0	0	0	0	0	0	0	0	0	0
15:32:50	1	启动中	0	0	制冷	R410A	0	0	107	128	296	415	114	114	-27	-27	0	0	0	0	718	1121	721	1122	141	141	0	0	92	96	228	281	124	122	-14	-16	0	0	0	0	706	1115	706	1114	138	138	0	0	0	0	0	0	0	0	500	500	5	50	20	5	100	0	20	350	200	0	0	0	99	0	0	0	0	0	0	0	0	0	0	0	0	0	0	0	0	0	0	0	0	0	0	0	0
15:32:52	1	启动中	0	0	制冷	R410A	0	0	107	128	296	415	114	114	-27	-27	0	0	0	0	718	1121	721	1122	141	141	0	0	92	96	228	281	124	122	-14	-16	0	0	0	0	706	1115	706	1114	138	138	0	0	0	0	0	0	0	0	500	500	5	50	20	5	100	0	20	350	200	0	0	0	99	0	0	0	0	0	0	0	0	0	0	0	0	0	0	0	0	0	0	0	0	0	0	0	0
15:32:54	1	启动中	0	0	制冷	R410A	0	0	107	128	296	415	114	114	-27	-27	0	0	0	0	718	1121	721	1122	141	141	0	0	92	96	228	281	124	122	-14	-16	0	0	0	0	706	1115	706	1114	138	138	0	0	0	0	0	0	0	0	500	500	5	50	20	5	100	0	20	350	200	0	0	0	99	0	0	0	0	0	0	0	0	0	0	0	0	0	0	0	0	0	0	0	0	0	0	0	0
15:32:56	1	启动中	0	0	制冷	R410A	0	0	107	128	296	415	114	114	-27	-27	0	0	0	0	718	1121	721	1122	141	141	0	0	92	96	228	281	124	122	-14	-16	0	0	0	0	706	1115	706	1114	138	138	0	0	0	0	0	0	0	0	500	500	5	50	20	5	100	0	20	350	200	0	0	0	99	0	0	0	0	0	0	0	0	0	0	0	0	0	0	0	0	0	0	0	0	0	0	0	0
15:32:58	1	启动中	0	0	制冷	R410A	0	0	107	128	296	415	114	114	-27	-27	0	0	0	0	721	1121	721	1122	141	141	0	0	92	97	228	281	124	122	-14	-16	0	0	0	0	706	1113	706	1114	138	138	0	0	0	0	0	0	0	0	500	500	5	50	20	5	100	0	20	350	200	0	0	0	99	0	0	0	0	0	0	0	0	0	0	0	0	0	0	0	0	0	0	0	0	0	0	0	0
15:33:00	1	启动中	0	0	制冷	R410A	0	0	107	128	296	415	114	114	-27	-27	0	0	0	0	721	1121	721	1122	141	141	0	0	92	97	228	281	124	122	-14	-16	0	0	0	0	706	1113	706	1114	138	138	0	0	0	0	0	0	0	0	500	500	5	50	20	5	100	0	20	350	200	0	0	0	99	0	0	0	0	0	0	0	0	0	0	0	0	0	0	0	0	0	0	0	0	0	0	0	0
15:33:02	1	启动中	0	0	制冷	R410A	0	0	107	128	296	415	114	114	-27	-27	0	0	0	0	721	1121	721	1122	141	141	0	0	92	97	228	281	124	122	-14	-16	0	0	0	0	706	1113	706	1114	138	138	0	0	0	0	0	0	0	0	500	500	5	50	20	5	100	0	20	350	200	0	0	0	99	0	0	0	0	0	0	0	0	0	0	0	0	0	0	0	0	0	0	0	0	0	0	0	0
15:33:04	1	启动中	0	0	制冷	R410A	0	0	107	128	296	415	114	114	-27	-27	0	0	0	0	721	1121	721	1122	141	141	0	0	92	97	228	281	124	122	-14	-16	0	0	0	0	706	1113	706	1114	138	138	0	0	0	0	0	0	0	0	500	500	5	50	20	5	100	0	20	350	200	0	0	0	99	0	0	0	0	0	0	0	0	0	0	0	0	0	0	0	0	0	0	0	0	0	0	0	0
15:33:06	1	启动中	0	0	制冷	R410A	0	0	107	128	296	415	114	114	-27	-27	0	0	0	0	721	1121	721	1122	141	141	0	0	92	97	228	281	124	122	-14	-16	0	0	0	0	706	1113	706	1114	138	138	0	0	0	0	0	0	0	0	500	500	5	50	20	5	100	0	20	350	200	0	0	0	99	0	0	0	0	0	0	0	0	0	0	0	0	0	0	0	0	0	0	0	0	0	0	0	0
15:33:08	1	启动中	0	0	制冷	R410A	0	0	107	128	296	415	114	114	-27	-27	0	0	0	0	721	1123	718	1122	141	141	0	0	92	97	228	281	124	122	-14	-16	0	0	0	0	706	1113	706	1114	138	138	0	0	0	0	0	0	0	0	500	500	5	50	20	5	100	0	20	350	200	0	0	0	99	0	0	0	0	0	0	0	0	0	0	0	0	0	0	0	0	0	0	0	0	0	0	0	0
15:33:10	1	启动中	0	0	制冷	R410A	0	0	107	128	296	415	114	114	-27	-27	0	0	0	0	721	1123	718	1122	141	141	0	0	92	96	228	281	124	122	-14	-16	0	0	0	0	706	1113	706	1114	138	138	0	0	0	0	0	0	0	0	500	500	5	50	20	5	100	0	20	350	200	0	0	0	99	0	0	0	0	0	0	0	0	0	0	0	0	0	0	0	0	0	0	0	0	0	0	0	0
15:33:12	1	启动中	0	0	制冷	R410A	0	0	107	128	296	415	114	114	-27	-27	0	0	0	0	721	1123	718	1122	141	141	0	0	92	96	228	281	124	122	-14	-16	0	0	0	0	706	1113	706	1114	138	138	0	0	0	0	0	0	0	0	500	500	5	50	20	5	100	0	20	350	200	0	0	0	99	0	0	0	0	0	0	0	0	0	0	0	0	0	0	0	0	0	0	0	0	0	0	0	0
15:33:14	1	启动中	0	0	制冷	R410A	0	0	107	128	296	415	114	114	-27	-27	0	0	0	0	721	1123	718	1122	141	141	0	0	92	96	228	281	124	122	-14	-16	0	0	0	0	706	1113	706	1114	138	138	0	0	0	0	0	0	0	0	500	500	5	50	20	5	100	0	20	350	200	0	0	0	99	0	0	0	0	0	0	0	0	0	0	0	0	0	0	0	0	0	0	0	0	0	0	0	0
15:33:16	1	启动中	0	0	制冷	R410A	0	0	107	128	296	415	114	114	-27	-27	0	0	0	0	721	1123	718	1122	141	141	0	0	92	96	228	281	124	122	-14	-16	0	0	0	0	706	1113	706	1114	138	138	0	0	0	0	0	0	0	0	500	500	5	50	20	5	100	0	20	350	200	0	0	0	99	0	0	0	0	0	0	0	0	0	0	0	0	0	0	0	0	0	0	0	0	0	0	0	0
15:33:18	1	启动中	0	0	制冷	R410A	0	0	107	128	296	415	114	114	-27	-27	0	0	0	0	721	1123	718	1122	141	141	0	0	92	96	228	281	124	122	-14	-16	0	0	0	0	706	1113	706	1114	138	138	0	0	0	0	0	0	0	0	500	500	5	50	20	5	100	0	20	350	200	0	0	0	99	0	0	0	0	0	0	0	0	0	0	0	0	0	0	0	0	0	0	0	0	0	0	0	0
15:33:20	1	启动中	0	0	制冷	R410A	0	0	107	128	296	415	114	114	-27	-27	0	0	0	0	721	1121	721	1122	141	141	0	0	92	97	228	281	124	122	-14	-16	0	0	0	0	703	1113	706	1114	138	138	0	0	0	0	0	0	0	0	500	500	5	50	20	5	100	0	20	350	200	0	0	0	99	0	0	0	0	0	0	0	0	0	0	0	0	0	0	0	0	0	0	0	0	0	0	0	0
15:33:22	1	启动中	0	0	制冷	R410A	0	0	107	128	296	415	114	114	-27	-27	0	0	0	0	721	1121	721	1122	141	141	0	0	92	97	228	281	124	122	-14	-16	0	0	0	0	703	1113	706	1114	138	138	0	0	0	0	0	0	0	0	500	500	5	50	20	5	100	0	20	350	200	0	0	0	99	0	0	0	0	0	0	0	0	0	0	0	0	0	0	0	0	0	0	0	0	0	0	0	0
15:33:24	1	启动中	0	0	制冷	R410A	0	0	107	128	296	415	114	114	-27	-27	0	0	0	0	721	1121	721	1122	141	141	0	0	92	97	228	281	124	122	-14	-16	0	0	0	0	703	1113	706	1114	138	138	0	0	0	0	0	0	0	0	500	500	5	50	20	5	100	0	20	350	200	0	0	0	99	0	0	0	0	0	0	0	0	0	0	0	0	0	0	0	0	0	0	0	0	0	0	0	0
15:33:26	1	启动中	0	0	制冷	R410A	0	0	107	128	296	415	114	114	-27	-27	0	0	0	0	721	1121	721	1122	141	141	0	0	92	97	228	281	124	122	-14	-16	0	0	0	0	703	1113	706	1114	138	138	0	0	0	0	0	0	0	0	500	500	5	50	20	5	100	0	20	350	200	0	0	0	99	0	0	0	0	0	0	0	0	0	0	0	0	0	0	0	0	0	0	0	0	0	0	0	0
15:33:28	1	启动中	0	0	制冷	R410A	0	0	107	128	296	415	114	114	-27	-27	0	0	0	0	721	1121	721	1122	141	141	0	0	92	97	228	281	124	122	-14	-16	0	0	0	0	703	1113	706	1114	138	138	0	0	0	0	0	0	0	0	500	500	5	50	20	5	100	0	20	350	200	0	0	0	99	0	0	0	0	0	0	0	0	0	0	0	0	0	0	0	0	0	0	0	0	0	0	0	0
15:33:30	1	启动中	0	0	制冷	R410A	0	0	107	128	296	415	114	114	-27	-27	0	0	0	0	721	1121	721	1122	141	141	0	0	92	97	228	281	124	122	-14	-16	0	0	0	0	703	1113	706	1114	138	138	0	0	0	0	0	0	0	0	500	500	5	50	20	5	100	0	20	350	200	0	0	0	99	0	0	0	0	0	0	0	0	0	0	0	0	0	0	0	0	0	0	0	0	0	0	0	0
15:33:32	1	启动中	0	0	制冷	R410A	0	0	107	128	296	415	114	114	-27	-27	0	0	0	0	718	1121	721	1122	141	141	0	0	92	97	228	281	124	122	-14	-16	0	0	0	0	703	1113	706	1114	138	138	0	0	0	0	0	0	0	0	500	500	5	50	20	5	100	0	20	350	200	0	0	0	99	0	0	0	0	0	0	0	0	0	0	0	0	0	0	0	0	0	0	0	0	0	0	0	0
15:33:34	1	启动中	0	0	制冷	R410A	0	0	107	128	296	415	114	114	-27	-27	0	0	0	0	718	1121	721	1122	141	141	0	0	92	97	228	281	124	122	-14	-16	0	0	0	0	703	1113	706	1114	138	138	0	0	0	0	0	0	0	0	500	500	5	50	20	5	100	0	20	350	200	0	0	0	99	0	0	0	0	0	0	0	0	0	0	0	0	0	0	0	0	0	0	0	0	0	0	0	0
15:33:36	1	启动中	0	0	制冷	R410A	0	0	107	128	296	415	114	114	-27	-27	0	0	0	0	718	1121	721	1122	141	141	0	0	92	97	228	281	124	122	-14	-16	0	0	0	0	703	1113	706	1114	138	138	0	0	0	0	0	0	0	0	500	500	5	50	20	5	100	0	20	350	200	0	0	0	99	0	0	0	0	0	0	0	0	0	0	0	0	0	0	0	0	0	0	0	0	0	0	0	0
15:33:38	1	启动中	0	0	制冷	R410A	0	0	107	128	296	415	114	114	-27	-27	0	0	0	0	718	1121	721	1122	141	141	0	0	92	97	228	281	124	122	-14	-16	0	0	0	0	703	1113	706	1114	138	138	0	0	0	0	0	0	0	0	500	500	5	50	20	5	100	0	20	350	200	0	0	0	99	0	0	0	0	0	0	0	0	0	0	0	0	0	0	0	0	0	0	0	0	0	0	0	0
15:33:40	1	启动中	0	0	制冷	R410A	0	0	107	128	296	415	114	114	-27	-27	0	0	0	0	718	1121	721	1122	141	141	0	0	92	97	228	281	124	122	-14	-16	0	0	0	0	703	1113	706	1114	138	138	0	0	0	0	0	0	0	0	500	500	5	50	20	5	100	0	20	350	200	0	0	0	99	0	0	0	0	0	0	0	0	0	0	0	0	0	0	0	0	0	0	0	0	0	0	0	0
15:33:42	1	启动中	0	0	制冷	R410A	0	0	107	128	296	415	114	114	-27	-27	0	0	0	0	718	1121	721	1122	141	141	0	0	92	97	228	281	124	122	-14	-16	0	0	0	0	703	1113	706	1114	138	138	0	0	0	0	0	0	0	0	500	500	5	50	20	5	100	0	20	350	200	0	0	0	99	0	0	0	0	0	0	0	0	0	0	0	0	0	0	0	0	0	0	0	0	0	0	0	0
15:33:44	1	启动中	0	0	制冷	R410A	0	0	107	128	296	415	114	114	-27	-27	0	0	0	0	721	1121	718	1122	141	141	0	0	92	96	228	281	124	122	-14	-16	0	0	0	0	703	1113	706	1114	138	138	0	0	0	0	0	0	0	0	500	500	5	50	20	5	100	0	20	350	200	0	0	0	99	0	0	0	0	0	0	0	0	0	0	0	0	0	0	0	0	0	0	0	0	0	0	0	0
15:33:46	1	启动中	0	0	制冷	R410A	0	0	107	128	296	415	114	114	-27	-27	0	0	0	0	721	1121	718	1122	141	141	0	0	92	96	228	281	124	122	-14	-16	0	0	0	0	703	1113	706	1114	138	138	0	0	0	0	0	0	0	0	500	500	5	50	20	5	100	0	20	350	200	0	0	0	99	0	0	0	0	0	0	0	0	0	0	0	0	0	0	0	0	0	0	0	0	0	0	0	0
15:33:48	1	启动中	0	0	制冷	R410A	0	0	107	128	296	415	114	114	-27	-27	0	0	0	0	721	1121	718	1122	141	141	0	0	92	96	228	281	124	122	-14	-16	0	0	0	0	703	1113	706	1114	138	138	0	0	0	0	0	0	0	0	500	500	5	50	20	5	100	0	20	350	200	0	0	0	99	0	0	0	0	0	0	0	0	0	0	0	0	0	0	0	0	0	0	0	0	0	0	0	0
15:33:50	1	启动中	0	0	制冷	R410A	0	0	107	128	296	415	114	114	-27	-27	0	0	0	0	721	1121	718	1122	141	141	0	0	92	96	228	281	124	122	-14	-16	0	0	0	0	703	1113	706	1114	138	138	0	0	0	0	0	0	0	0	500	500	5	50	20	5	100	0	20	350	200	0	0	0	99	0	0	0	0	0	0	0	0	0	0	0	0	0	0	0	0	0	0	0	0	0	0	0	0
15:33:52	1	启动中	0	0	制冷	R410A	0	0	107	128	296	415	114	114	-27	-27	0	0	0	0	721	1121	718	1122	141	141	0	0	92	96	228	281	124	122	-14	-16	0	0	0	0	703	1113	706	1114	138	138	0	0	0	0	0	0	0	0	500	500	5	50	20	5	100	0	20	350	200	0	0	0	99	0	0	0	0	0	0	0	0	0	0	0	0	0	0	0	0	0	0	0	0	0	0	0	0
15:33:54	1	启动中	0	0	制冷	R410A	0	0	107	128	296	415	114	114	-27	-27	0	0	0	0	721	1121	718	1122	141	141	0	0	92	96	228	281	124	122	-14	-16	0	0	0	0	703	1113	706	1114	138	138	0	0	0	0	0	0	0	0	500	500	5	50	20	5	100	0	20	350	200	0	0	0	99	0	0	0	0	0	0	0	0	0	0	0	0	0	0	0	0	0	0	0	0	0	0	0	0
15:33:56	1	启动中	0	0	制冷	R410A	0	0	107	128	296	415	114	114	-27	-27	0	0	0	0	721	1121	718	1122	141	141	0	0	92	97	228	281	124	122	-14	-16	0	0	0	0	706	1115	706	1114	138	138	0	0	0	0	0	0	0	0	500	500	5	50	20	5	100	0	20	350	200	0	0	0	99	0	0	0	0	0	0	0	0	0	0	0	0	0	0	0	0	0	0	0	0	0	0	0	0
15:33:58	1	启动中	0	0	制冷	R410A	0	0	107	128	296	415	114	114	-27	-27	0	0	0	0	721	1121	718	1122	141	141	0	0	92	97	228	281	124	122	-14	-16	0	0	0	0	706	1115	706	1114	138	138	0	0	0	0	0	0	0	0	500	500	5	50	20	5	100	0	20	350	200	0	0	0	99	0	0	0	0	0	0	0	0	0	0	0	0	0	0	0	0	0	0	0	0	0	0	0	0
15:34:00	1	启动中	0	0	制冷	R410A	0	0	107	128	296	415	114	114	-27	-27	0	0	0	0	721	1121	718	1122	141	141	0	0	92	97	228	281	124	122	-14	-16	0	0	0	0	706	1115	706	1114	138	138	0	0	0	0	0	0	0	0	500	500	5	50	20	5	100	0	20	350	200	0	0	0	99	0	0	0	0	0	0	0	0	0	0	0	0	0	0	0	0	0	0	0	0	0	0	0	0
15:34:02	1	启动中	0	0	制冷	R410A	0	0	107	128	296	415	114	114	-27	-27	0	0	0	0	721	1121	718	1122	141	141	0	0	92	97	228	281	124	122	-14	-16	0	0	0	0	706	1115	706	1114	138	138	0	0	0	0	0	0	0	0	500	500	5	50	20	5	100	0	20	350	200	0	0	0	99	0	0	0	0	0	0	0	0	0	0	0	0	0	0	0	0	0	0	0	0	0	0	0	0
15:34:04	1	启动中	0	0	制冷	R410A	0	0	107	128	296	415	114	114	-27	-27	0	0	0	0	721	1121	718	1122	141	141	0	0	92	97	228	281	124	122	-14	-16	0	0	0	0	706	1115	706	1114	138	138	0	0	0	0	0	0	0	0	500	500	5	50	20	5	100	0	20	350	200	0	0	0	99	0	0	0	0	0	0	0	0	0	0	0	0	0	0	0	0	0	0	0	0	0	0	0	0
15:34:06	1	启动中	0	0	制冷	R410A	0	0	107	128	296	415	114	114	-27	-27	0	0	0	0	721	1123	721	1122	141	141	0	0	92	96	228	281	124	122	-14	-16	0	0	0	0	703	1113	706	1114	138	138	0	0	0	0	0	0	0	0	500	500	5	50	20	5	100	0	20	350	200	0	0	0	99	0	0	0	0	0	0	0	0	0	0	0	0	0	0	0	0	0	0	0	0	0	0	0	0
15:34:08	1	启动中	0	0	制冷	R410A	0	0	107	128	296	415	114	114	-27	-27	0	0	0	0	721	1123	721	1122	141	141	0	0	92	96	228	281	124	122	-14	-16	0	0	0	0	703	1113	706	1114	138	138	0	0	0	0	0	0	0	0	500	500	5	50	20	5	100	0	20	350	200	0	0	0	99	0	0	0	0	0	0	0	0	0	0	0	0	0	0	0	0	0	0	0	0	0	0	0	0
15:34:10	1	启动中	0	0	制冷	R410A	0	0	107	128	296	415	114	114	-27	-27	0	0	0	0	721	1123	721	1122	141	141	0	0	92	96	228	281	124	122	-14	-16	0	0	0	0	703	1113	706	1114	138	138	0	0	0	0	0	0	0	0	500	500	5	50	20	5	100	0	20	350	200	0	0	0	99	0	0	0	0	0	0	0	0	0	0	0	0	0	0	0	0	0	0	0	0	0	0	0	0
15:34:12	1	启动中	0	0	制冷	R410A	0	0	107	128	296	415	114	114	-27	-27	0	0	0	0	721	1123	721	1122	141	141	0	0	92	96	228	281	124	122	-14	-16	0	0	0	0	703	1113	706	1114	138	138	0	0	0	0	0	0	0	0	500	500	5	50	20	5	100	0	20	350	200	0	0	0	99	0	0	0	0	0	0	0	0	0	0	0	0	0	0	0	0	0	0	0	0	0	0	0	0
15:34:14	1	启动中	0	0	制冷	R410A	0	0	107	128	296	415	114	114	-27	-27	0	0	0	0	721	1123	721	1122	141	141	0	0	92	96	228	281	124	122	-14	-16	0	0	0	0	703	1113	706	1114	138	138	0	0	0	0	0	0	0	0	500	500	5	50	20	5	100	0	20	350	200	0	0	0	99	0	0	0	0	0	0	0	0	0	0	0	0	0	0	0	0	0	0	0	0	0	0	0	0
15:34:16	1	启动中	0	0	制冷	R410A	0	0	107	128	296	415	114	114	-27	-27	0	0	0	0	721	1123	721	1122	141	141	0	0	92	96	228	281	124	122	-14	-16	0	0	0	0	703	1113	706	1114	138	138	0	0	0	0	0	0	0	0	500	500	5	50	20	5	100	0	20	350	200	0	0	0	99	0	0	0	0	0	0	0	0	0	0	0	0	0	0	0	0	0	0	0	0	0	0	0	0
15:34:18	1	启动中	0	0	制冷	R410A	0	0	107	128	296	415	114	114	-27	-27	0	0	0	0	718	1123	721	1122	141	141	0	0	92	96	228	281	124	122	-14	-16	0	0	0	0	703	1113	706	1114	138	138	0	0	0	0	0	0	0	0	500	500	5	50	20	5	100	0	20	350	200	0	0	0	99	0	0	0	0	0	0	0	0	0	0	0	0	0	0	0	0	0	0	0	0	0	0	0	0
15:34:20	1	启动中	0	0	制冷	R410A	0	0	107	128	296	415	114	114	-27	-27	0	0	0	0	718	1123	721	1122	141	141	0	0	92	96	228	281	124	122	-14	-16	0	0	0	0	703	1113	706	1114	138	138	0	0	0	0	0	0	0	0	500	500	5	50	20	5	100	0	20	350	200	0	0	0	99	0	0	0	0	0	0	0	0	0	0	0	0	0	0	0	0	0	0	0	0	0	0	0	0
15:34:22	1	启动中	0	0	制冷	R410A	0	0	107	128	296	415	114	114	-27	-27	0	0	0	0	718	1123	721	1122	141	141	0	0	92	96	228	281	124	122	-14	-16	0	0	0	0	703	1113	706	1114	138	138	0	0	0	0	0	0	0	0	500	500	5	50	20	5	100	0	20	350	200	0	0	0	99	0	0	0	0	0	0	0	0	0	0	0	0	0	0	0	0	0	0	0	0	0	0	0	0
15:34:24	1	启动中	0	0	制冷	R410A	0	0	107	128	296	415	114	114	-27	-27	0	0	0	0	718	1123	721	1122	141	141	0	0	92	96	228	281	124	122	-14	-16	0	0	0	0	703	1113	706	1114	138	138	0	0	0	0	0	0	0	0	500	500	5	50	20	5	100	0	20	350	200	0	0	0	99	0	0	0	0	0	0	0	0	0	0	0	0	0	0	0	0	0	0	0	0	0	0	0	0
15:34:26	1	启动中	0	0	制冷	R410A	0	0	107	128	296	415	114	114	-27	-27	0	0	0	0	718	1123	721	1122	141	141	0	0	92	96	228	281	124	122	-14	-16	0	0	0	0	703	1113	706	1114	138	138	0	0	0	0	0	0	0	0	500	500	5	50	20	5	100	0	20	350	200	0	0	0	99	0	0	0	0	0	0	0	0	0	0	0	0	0	0	0	0	0	0	0	0	0	0	0	0
15:34:28	1	启动中	0	0	制冷	R410A	0	0	107	128	296	415	114	114	-27	-27	0	0	0	0	718	1123	721	1122	141	141	0	0	92	96	228	281	124	122	-14	-16	0	0	0	0	703	1113	706	1114	138	138	0	0	0	0	0	0	0	0	500	500	5	50	20	5	100	0	20	350	200	0	0	0	99	0	0	0	0	0	0	0	0	0	0	0	0	0	0	0	0	0	0	0	0	0	0	0	0
15:34:30	1	启动中	0	0	制冷	R410A	0	0	107	128	296	415	114	114	-27	-27	0	0	0	0	721	1121	721	1122	141	141	0	0	92	97	228	281	124	122	-14	-16	0	0	0	0	703	1113	706	1114	138	138	0	0	0	0	0	0	0	0	500	500	5	50	20	5	100	0	20	350	200	0	0	0	99	0	0	0	0	0	0	0	0	0	0	0	0	0	0	0	0	0	0	0	0	0	0	0	0
15:34:32	1	启动中	0	0	制冷	R410A	0	0	107	128	296	415	114	114	-27	-27	0	0	0	0	721	1121	721	1122	141	141	0	0	92	97	228	281	124	122	-14	-16	0	0	0	0	703	1113	706	1114	138	138	0	0	0	0	0	0	0	0	500	500	5	50	20	5	100	0	20	350	200	0	0	0	99	0	0	0	0	0	0	0	0	0	0	0	0	0	0	0	0	0	0	0	0	0	0	0	0
15:34:34	1	启动中	0	0	制冷	R410A	0	0	107	128	296	415	114	114	-27	-27	0	0	0	0	721	1121	721	1122	141	141	0	0	92	97	228	281	124	122	-14	-16	0	0	0	0	703	1113	706	1114	138	138	0	0	0	0	0	0	0	0	500	500	5	50	20	5	100	0	20	350	200	0	0	0	99	0	0	0	0	0	0	0	0	0	0	0	0	0	0	0	0	0	0	0	0	0	0	0	0
15:34:36	1	启动中	0	0	制冷	R410A	0	0	107	128	296	415	114	114	-27	-27	0	0	0	0	721	1121	721	1122	141	141	0	0	92	97	228	281	124	122	-14	-16	0	0	0	0	703	1113	706	1114	138	138	0	0	0	0	0	0	0	0	500	500	5	50	20	5	100	0	20	350	200	0	0	0	99	0	0	0	0	0	0	0	0	0	0	0	0	0	0	0	0	0	0	0	0	0	0	0	0
15:34:38	1	启动中	0	0	制冷	R410A	0	0	107	128	296	415	114	114	-27	-27	0	0	0	0	721	1121	721	1122	141	141	0	0	92	97	228	281	124	122	-14	-16	0	0	0	0	703	1113	706	1114	138	138	0	0	0	0	0	0	0	0	500	500	5	50	20	5	100	0	20	350	200	0	0	0	99	0	0	0	0	0	0	0	0	0	0	0	0	0	0	0	0	0	0	0	0	0	0	0	0
15:34:40	1	启动中	0	0	制冷	R410A	0	0	107	128	296	415	114	114	-27	-27	0	0	0	0	721	1121	721	1122	141	141	0	0	92	97	228	281	124	122	-14	-16	0	0	0	0	703	1113	706	1114	138	138	0	0	0	0	0	0	0	0	500	500	5	50	20	5	100	0	20	350	200	0	0	0	99	0	0	0	0	0	0	0	0	0	0	0	0	0	0	0	0	0	0	0	0	0	0	0	0
15:34:42	1	启动中	0	0	制冷	R410A	0	0	107	128	296	415	114	114	-27	-27	0	0	0	0	721	1121	721	1122	141	141	0	0	92	97	228	281	124	122	-14	-16	0	0	0	0	703	1113	706	1114	138	138	0	0	0	0	0	0	0	0	500	500	5	50	20	5	100	0	20	350	200	0	0	0	99	0	0	0	0	0	0	0	0	0	0	0	0	0	0	0	0	0	0	0	0	0	0	0	0
15:34:44	1	启动中	0	0	制冷	R410A	0	0	107	128	296	415	114	114	-27	-27	0	0	0	0	721	1121	721	1122	141	141	0	0	92	97	228	281	124	122	-14	-16	0	0	0	0	703	1113	706	1114	138	138	0	0	0	0	0	0	0	0	500	500	5	50	20	5	100	0	20	350	200	0	0	0	99	0	0	0	0	0	0	0	0	0	0	0	0	0	0	0	0	0	0	0	0	0	0	0	0
15:34:46	1	启动中	0	0	制冷	R410A	0	0	107	128	296	415	114	114	-27	-27	0	0	0	0	721	1121	721	1122	141	141	0	0	92	97	228	281	124	122	-14	-16	0	0	0	0	703	1113	706	1114	138	138	0	0	0	0	0	0	0	0	500	500	5	50	20	5	100	0	20	350	200	0	0	0	99	0	0	0	0	0	0	0	0	0	0	0	0	0	0	0	0	0	0	0	0	0	0	0	0
15:34:48	1	启动中	0	0	制冷	R410A	0	0	107	128	296	415	114	114	-27	-27	0	0	0	0	721	1121	721	1122	141	141	0	0	92	97	228	281	124	122	-14	-16	0	0	0	0	703	1113	706	1114	138	138	0	0	0	0	0	0	0	0	500	500	5	50	20	5	100	0	20	350	200	0	0	0	99	0	0	0	0	0	0	0	0	0	0	0	0	0	0	0	0	0	0	0	0	0	0	0	0
15:34:50	1	启动中	0	0	制冷	R410A	0	0	107	128	296	415	114	114	-27	-27	0	0	0	0	721	1121	721	1122	141	141	0	0	92	97	228	281	124	122	-14	-16	0	0	0	0	703	1113	706	1114	138	138	0	0	0	0	0	0	0	0	500	500	5	50	20	5	100	0	20	350	200	0	0	0	99	0	0	0	0	0	0	0	0	0	0	0	0	0	0	0	0	0	0	0	0	0	0	0	0
15:34:52	1	启动中	0	0	制冷	R410A	0	0	107	128	296	415	114	114	-27	-27	0	0	0	0	721	1121	721	1122	141	141	0	0	92	96	228	281	124	122	-14	-16	0	0	0	0	706	1115	709	1114	138	138	0	0	0	0	0	0	0	0	500	500	5	50	20	5	100	0	20	350	200	0	0	0	99	0	0	0	0	0	0	0	0	0	0	0	0	0	0	0	0	0	0	0	0	0	0	0	0
15:34:54	2	运行	0	0	制冷	R410A	0	0	107	128	296	415	114	114	-27	-27	0	0	0	0	721	1121	721	1122	141	141	0	0	92	96	228	281	124	122	-14	-16	0	0	0	0	706	1115	709	1114	138	138	0	0	0	0	0	0	0	0	500	500	5	50	20	5	100	0	20	350	200	1	0	0	99	0	0	0	0	0	0	0	0	0	0	0	0	0	0	0	0	0	0	0	0	0	0	0	0
15:34:56	2	运行	0	0	制冷	R410A	0	0	107	128	296	415	114	114	-27	-27	0	0	0	0	721	1121	721	1122	141	141	0	0	92	96	228	281	124	122	-14	-16	0	0	0	0	706	1115	709	1114	138	138	0	0	0	0	0	0	0	0	500	500	5	50	20	5	100	0	20	350	200	1	0	0	99	0	0	0	0	0	0	0	0	0	0	0	0	0	0	0	0	0	0	0	0	0	0	0	0
15:34:58	2	运行	0	0	制冷	R410A	0	0	107	128	296	415	114	114	-27	-27	0	0	0	0	721	1121	721	1122	141	141	0	0	92	96	228	281	124	122	-14	-16	0	0	0	0	706	1115	709	1114	138	138	0	0	0	0	0	0	0	0	500	500	5	50	20	5	100	0	20	350	200	1	0	0	99	0	0	0	0	0	0	0	0	0	0	0	0	0	0	0	0	0	0	0	0	0	0	0	0
15:35:00	2	运行	0	0	制冷	R410A	0	0	107	128	296	415	114	114	-27	-27	0	0	0	0	721	1121	721	1122	141	141	0	0	92	96	228	281	124	122	-14	-16	0	0	0	0	706	1115	709	1114	138	138	0	0	0	0	0	0	0	0	500	500	5	50	20	5	100	0	20	350	200	1	0	0	99	0	0	0	0	0	0	0	0	0	0	0	0	0	0	0	0	0	0	0	0	0	0	0	0
15:35:02	2	运行	0	0	制冷	R410A	0	0	107	128	296	415	114	114	-27	-27	0	0	0	0	721	1121	721	1122	141	141	0	0	92	96	228	281	124	122	-14	-16	0	0	0	0	706	1115	709	1114	138	138	0	0	0	0	0	0	0	0	500	500	5	50	20	5	100	0	20	350	200	1	0	0	99	0	0	0	0	0	0	0	0	0	0	0	0	0	0	0	0	0	0	0	0	0	0	0	0
15:35:04	2	运行	0	0	制冷	R410A	0	0	107	128	296	415	114	114	-27	-27	0	0	0	0	718	1121	721	1122	141	141	0	0	92	96	228	281	124	122	-14	-16	0	0	0	0	706	1113	709	1114	138	138	0	0	0	0	0	0	0	0	500	500	5	50	20	5	100	0	20	350	200	1	0	0	99	0	0	0	0	0	0	0	0	0	0	0	0	0	0	0	0	0	0	0	0	0	0	0	0
15:35:06	2	运行	0	0	制冷	R410A	0	0	107	128	296	415	114	114	-27	-27	0	0	0	0	718	1121	721	1122	141	141	0	0	92	96	228	281	124	122	-14	-16	0	0	0	0	706	1113	709	1114	138	138	0	0	0	0	0	0	0	0	500	500	5	50	20	5	100	0	20	350	200	1	0	0	99	0	0	0	0	0	0	0	0	0	0	0	0	0	0	0	0	0	0	0	0	0	0	0	0
15:35:08	2	运行	0	0	制冷	R410A	0	0	107	128	296	415	114	114	-27	-27	0	0	0	0	718	1121	721	1122	141	141	0	0	92	96	228	281	124	122	-14	-16	0	0	0	0	706	1113	709	1114	138	138	0	0	0	0	0	0	0	0	500	500	5	50	20	5	100	0	20	350	200	1	0	0	99	0	0	0	0	0	0	0	0	0	0	0	0	0	0	0	0	0	0	0	0	0	0	0	0
15:35:10	2	运行	0	0	制冷	R410A	0	0	107	128	296	415	114	114	-27	-27	0	0	0	0	718	1121	721	1122	141	141	0	0	92	96	228	281	124	122	-14	-16	0	0	0	0	706	1113	709	1114	138	138	0	0	0	0	0	0	0	0	500	500	5	50	20	5	100	0	20	350	200	1	0	0	99	0	0	0	0	0	0	0	0	0	0	0	0	0	0	0	0	0	0	0	0	0	0	0	0
15:35:12	2	运行	0	0	制冷	R410A	0	0	107	128	296	415	114	114	-27	-27	0	0	0	0	718	1121	721	1122	141	141	0	0	92	96	228	281	124	122	-14	-16	0	0	0	0	706	1113	709	1114	138	138	0	0	0	0	0	0	0	0	500	500	5	50	20	5	100	0	20	350	200	1	0	0	99	0	0	0	0	0	0	0	0	0	0	0	0	0	0	0	0	0	0	0	0	0	0	0	0
15:35:14	2	运行	0	0	制冷	R410A	0	0	107	128	296	415	114	114	-27	-27	0	0	0	0	718	1121	721	1122	141	141	0	0	92	96	228	281	124	122	-14	-16	0	0	0	0	706	1113	709	1114	138	138	0	0	0	0	0	0	0	0	500	500	5	50	20	5	100	0	20	350	200	1	0	0	99	0	0	0	0	0	0	0	0	0	0	0	0	0	0	0	0	0	0	0	0	0	0	0	0
15:35:16	2	运行	0	0	制冷	R410A	0	0	107	128	296	415	114	114	-27	-27	0	0	0	0	721	1123	721	1122	141	141	0	0	92	96	228	281	124	122	-14	-16	0	0	0	0	706	1115	706	1114	138	138	0	0	0	0	0	0	0	0	500	500	5	50	20	5	100	0	20	350	200	1	0	0	99	0	0	0	0	0	0	0	0	0	0	0	0	0	0	0	0	0	0	0	0	0	0	0	0
15:35:18	2	运行	0	0	制冷	R410A	0	0	107	128	296	415	114	114	-27	-27	0	0	0	0	721	1123	721	1122	141	141	0	0	92	96	228	281	124	122	-14	-16	0	0	0	0	706	1115	706	1114	138	138	0	0	0	0	0	0	0	0	500	500	5	50	20	5	100	0	20	350	200	1	0	0	99	0	0	0	0	0	0	0	0	0	0	0	0	0	0	0	0	0	0	0	0	0	0	0	0
15:35:20	2	运行	0	0	制冷	R410A	0	0	107	128	296	415	114	114	-27	-27	0	0	0	0	721	1123	721	1122	141	141	0	0	92	96	228	281	124	122	-14	-16	0	0	0	0	706	1115	706	1114	138	138	0	0	0	0	0	0	0	0	500	500	5	50	20	5	100	0	20	350	200	1	0	0	99	0	0	0	0	0	0	0	0	0	0	0	0	0	0	0	0	0	0	0	0	0	0	0	0
15:35:22	2	运行	0	0	制冷	R410A	0	0	107	128	296	415	114	114	-27	-27	0	0	0	0	721	1123	721	1122	141	141	0	0	92	96	228	281	124	122	-14	-16	0	0	0	0	706	1115	706	1114	138	138	0	0	0	0	0	0	0	0	500	500	5	50	20	5	100	0	20	350	200	1	0	0	99	0	0	0	0	0	0	0	0	0	0	0	0	0	0	0	0	0	0	0	0	0	0	0	0
15:35:24	2	运行	0	0	制冷	R410A	0	0	107	128	296	415	114	114	-27	-27	0	0	0	0	721	1123	721	1122	141	141	0	0	92	96	228	281	124	122	-14	-16	0	0	0	0	706	1115	706	1114	138	138	0	0	0	0	0	0	0	0	500	500	5	50	20	5	100	0	20	350	200	1	0	0	99	0	0	0	0	0	0	0	0	0	0	0	0	0	0	0	0	0	0	0	0	0	0	0	0
15:35:26	2	运行	0	0	制冷	R410A	0	0	107	128	296	415	114	114	-27	-27	0	0	0	0	721	1123	721	1122	141	141	0	0	92	96	228	281	124	122	-14	-16	0	0	0	0	706	1115	706	1114	138	138	0	0	0	0	0	0	0	0	500	500	5	50	20	5	100	0	20	350	200	1	0	0	99	0	0	0	0	0	0	0	0	0	0	0	0	0	0	0	0	0	0	0	0	0	0	0	0
15:35:28	2	运行	0	0	制冷	R410A	0	0	107	128	296	415	114	114	-27	-27	0	0	0	0	721	1121	721	1124	141	141	0	0	92	96	228	281	124	122	-14	-16	0	0	0	0	706	1113	706	1114	138	138	0	0	0	0	0	0	0	0	500	500	5	50	20	5	100	0	20	350	200	1	0	0	99	0	0	0	0	0	0	0	0	0	0	0	0	0	0	0	0	0	0	0	0	0	0	0	0
15:35:30	2	运行	0	0	制冷	R410A	0	0	107	128	296	415	114	114	-27	-27	0	0	0	0	721	1121	721	1124	141	141	0	0	92	96	228	281	124	122	-14	-16	0	0	0	0	706	1113	706	1114	138	138	0	0	0	0	0	0	0	0	500	500	5	50	20	5	100	0	20	350	200	1	0	0	99	0	0	0	0	0	0	0	0	0	0	0	0	0	0	0	0	0	0	0	0	0	0	0	0
15:35:32	2	运行	0	0	制冷	R410A	0	0	107	128	296	415	114	114	-27	-27	0	0	0	0	721	1121	721	1124	141	141	0	0	92	96	228	281	124	122	-14	-16	0	0	0	0	706	1113	706	1114	138	138	0	0	0	0	0	0	0	0	500	500	5	50	20	5	100	0	20	350	200	1	0	0	99	0	0	0	0	0	0	0	0	0	0	0	0	0	0	0	0	0	0	0	0	0	0	0	0
15:35:34	2	运行	0	0	制冷	R410A	0	0	107	128	296	415	114	114	-27	-27	0	0	0	0	721	1121	721	1124	141	141	0	0	92	96	228	281	124	122	-14	-16	0	0	0	0	706	1113	706	1114	138	138	0	0	0	0	0	0	0	0	500	500	5	50	20	5	100	0	20	350	200	1	0	0	99	0	0	0	0	0	0	0	0	0	0	0	0	0	0	0	0	0	0	0	0	0	0	0	0
15:35:37	2	运行	0	0	制冷	R410A	0	0	107	128	296	415	114	114	-27	-27	0	0	0	0	721	1121	721	1124	141	141	0	0	92	96	228	281	124	122	-14	-16	0	0	0	0	706	1113	706	1114	138	138	0	0	0	0	0	0	0	0	500	500	5	50	20	5	100	0	20	350	200	1	0	0	99	0	0	0	0	0	0	0	0	0	0	0	0	0	0	0	0	0	0	0	0	0	0	0	0
15:35:39	2	运行	0	0	制冷	R410A	0	0	107	128	296	415	114	114	-27	-27	0	0	0	0	721	1123	721	1122	141	141	0	0	92	96	228	281	124	122	-14	-16	0	0	0	0	703	1113	706	1114	138	138	0	0	0	0	0	0	0	0	500	500	5	50	20	5	100	0	20	350	200	1	0	0	99	0	0	0	0	0	0	0	0	0	0	0	0	0	0	0	0	0	0	0	0	0	0	0	0
15:35:41	2	运行	0	0	制冷	R410A	0	0	107	128	296	415	114	114	-27	-27	0	0	0	0	721	1123	721	1122	141	141	0	0	92	96	228	281	124	122	-14	-16	0	0	0	0	703	1113	706	1114	138	138	0	0	0	0	0	0	0	0	500	500	5	50	20	5	100	0	20	350	200	1	0	0	99	0	0	0	0	0	0	0	0	0	0	0	0	0	0	0	0	0	0	0	0	0	0	0	0
15:35:43	2	运行	0	0	制冷	R410A	0	0	107	128	296	415	114	114	-27	-27	0	0	0	0	721	1123	721	1122	141	141	0	0	92	96	228	281	124	122	-14	-16	0	0	0	0	703	1113	706	1114	138	138	0	0	0	0	0	0	0	0	500	500	5	50	20	5	100	0	20	350	200	1	0	0	99	0	0	0	0	0	0	0	0	0	0	0	0	0	0	0	0	0	0	0	0	0	0	0	0
15:35:45	2	运行	0	0	制冷	R410A	0	0	107	128	296	415	114	114	-27	-27	0	0	0	0	721	1123	721	1122	141	141	0	0	92	96	228	281	124	122	-14	-16	0	0	0	0	703	1113	706	1114	138	138	0	0	0	0	0	0	0	0	500	500	5	50	20	5	100	0	20	350	200	1	0	0	99	0	0	0	0	0	0	0	0	0	0	0	0	0	0	0	0	0	0	0	0	0	0	0	0
15:35:47	2	运行	0	0	制冷	R410A	0	0	107	128	296	415	114	114	-27	-27	0	0	0	0	721	1123	721	1122	141	141	0	0	92	96	228	281	124	122	-14	-16	0	0	0	0	703	1113	706	1114	138	138	0	0	0	0	0	0	0	0	500	500	5	50	20	5	100	0	20	350	200	1	0	0	99	0	0	0	0	0	0	0	0	0	0	0	0	0	0	0	0	0	0	0	0	0	0	0	0
15:35:49	2	运行	0	0	制冷	R410A	0	0	107	128	296	415	114	114	-27	-27	0	0	0	0	721	1123	721	1122	141	141	0	0	92	96	228	281	124	122	-14	-16	0	0	0	0	703	1113	706	1114	138	138	0	0	0	0	0	0	0	0	500	500	5	50	20	5	100	0	20	350	200	2	0	0	99	0	0	0	0	0	0	0	0	0	0	0	0	0	0	0	0	0	0	0	0	0	0	0	0
15:35:51	2	运行	0	0	制冷	R410A	0	0	107	128	296	415	114	114	-27	-27	0	0	0	0	721	1123	721	1122	141	141	0	0	92	97	228	281	124	122	-14	-16	0	0	0	0	703	1113	706	1114	138	138	0	0	0	0	0	0	0	0	500	500	5	50	20	5	100	0	20	350	200	2	0	0	99	0	0	0	0	0	0	0	0	0	0	0	0	0	0	0	0	0	0	0	0	0	0	0	0
15:35:53	2	运行	0	0	制冷	R410A	0	0	107	128	296	415	114	114	-27	-27	0	0	0	0	721	1123	721	1122	141	141	0	0	92	97	228	281	124	122	-14	-16	0	0	0	0	703	1113	706	1114	138	138	0	0	0	0	0	0	0	0	500	500	5	50	20	5	100	0	20	350	200	2	0	0	99	0	0	0	0	0	0	0	0	0	0	0	0	0	0	0	0	0	0	0	0	0	0	0	0
15:35:55	2	运行	0	0	制冷	R410A	0	0	107	128	296	415	114	114	-27	-27	0	0	0	0	721	1123	721	1122	141	141	0	0	92	97	228	281	124	122	-14	-16	0	0	0	0	703	1113	706	1114	138	138	0	0	0	0	0	0	0	0	500	500	5	50	20	5	100	0	20	350	200	2	0	0	99	0	0	0	0	0	0	0	0	0	0	0	0	0	0	0	0	0	0	0	0	0	0	0	0
15:35:57	2	运行	0	0	制冷	R410A	0	0	107	128	296	415	114	114	-27	-27	0	0	0	0	721	1123	721	1122	141	141	0	0	92	97	228	281	124	122	-14	-16	0	0	0	0	703	1113	706	1114	138	138	0	0	0	0	0	0	0	0	500	500	5	50	20	5	100	0	20	350	200	2	0	0	99	0	0	0	0	0	0	0	0	0	0	0	0	0	0	0	0	0	0	0	0	0	0	0	0
15:35:59	2	运行	0	0	制冷	R410A	0	0	107	128	296	415	114	114	-27	-27	0	0	0	0	721	1123	721	1122	141	141	0	0	92	97	228	281	124	122	-14	-16	0	0	0	0	703	1113	706	1114	138	138	0	0	0	0	0	0	0	0	500	500	5	50	20	5	100	0	20	350	200	2	0	0	99	0	0	0	0	0	0	0	0	0	0	0	0	0	0	0	0	0	0	0	0	0	0	0	0
15:36:01	2	运行	0	0	制冷	R410A	0	0	107	128	296	415	114	114	-27	-27	0	0	0	0	721	1123	721	1122	141	141	0	0	92	97	228	281	124	122	-14	-16	0	0	0	0	703	1113	706	1114	138	138	0	0	0	0	0	0	0	0	500	500	5	50	20	5	100	0	20	350	200	2	0	0	99	0	0	0	0	0	0	0	0	0	0	0	0	0	0	0	0	0	0	0	0	0	0	0	0
15:36:03	2	运行	0	0	制冷	R410A	0	0	107	128	296	415	114	114	-27	-27	0	0	0	0	718	1123	721	1122	141	141	0	0	92	96	228	281	124	122	-14	-16	0	0	0	0	703	1115	706	1114	138	138	0	0	0	0	0	0	0	0	500	500	5	50	20	5	100	0	20	350	200	2	0	0	99	0	0	0	0	0	0	0	0	0	0	0	0	0	0	0	0	0	0	0	0	0	0	0	0
15:36:05	2	运行	0	0	制冷	R410A	0	0	107	128	296	415	114	114	-27	-27	0	0	0	0	718	1123	721	1122	141	141	0	0	92	96	228	281	124	122	-14	-16	0	0	0	0	703	1115	706	1114	138	138	0	0	0	0	0	0	0	0	500	500	5	50	20	5	100	0	20	350	200	2	0	0	99	0	0	0	0	0	0	0	0	0	0	0	0	0	0	0	0	0	0	0	0	0	0	0	0
15:36:07	2	运行	0	0	制冷	R410A	0	0	107	128	296	415	114	114	-27	-27	0	0	0	0	718	1123	721	1122	141	141	0	0	92	96	228	281	124	122	-14	-16	0	0	0	0	703	1115	706	1114	138	138	0	0	0	0	0	0	0	0	500	500	5	50	20	5	100	0	20	350	200	2	0	0	99	0	0	0	0	0	0	0	0	0	0	0	0	0	0	0	0	0	0	0	0	0	0	0	0
15:36:09	2	运行	0	0	制冷	R410A	0	0	107	128	296	415	114	114	-27	-27	0	0	0	0	718	1123	721	1122	141	141	0	0	92	96	228	281	124	122	-14	-16	0	0	0	0	703	1115	706	1114	138	138	0	0	0	0	0	0	0	0	500	500	5	50	20	5	100	0	20	350	200	2	0	0	99	0	0	0	0	0	0	0	0	0	0	0	0	0	0	0	0	0	0	0	0	0	0	0	0
15:36:11	2	运行	0	0	制冷	R410A	0	0	107	128	296	415	114	114	-27	-27	0	0	0	0	718	1123	721	1122	141	141	0	0	92	96	228	281	124	122	-14	-16	0	0	0	0	703	1115	706	1114	138	138	0	0	0	0	0	0	0	0	500	500	5	50	20	5	100	0	20	350	200	2	0	0	99	0	0	0	0	0	0	0	0	0	0	0	0	0	0	0	0	0	0	0	0	0	0	0	0
15:36:13	2	运行	0	0	制冷	R410A	0	0	107	128	296	415	114	114	-27	-27	0	0	0	0	718	1123	721	1122	141	141	0	0	92	96	228	281	124	122	-14	-16	0	0	0	0	703	1115	706	1114	138	138	0	0	0	0	0	0	0	0	500	500	5	50	20	5	100	0	20	350	200	2	0	0	99	0	0	0	0	0	0	0	0	0	0	0	0	0	0	0	0	0	0	0	0	0	0	0	0
15:36:15	2	运行	0	0	制冷	R410A	0	0	107	128	296	415	114	114	-27	-27	0	0	0	0	721	1123	721	1122	141	141	0	0	92	96	228	281	124	122	-14	-16	0	0	0	0	703	1113	709	1114	138	138	0	0	0	0	0	0	0	0	500	500	5	50	20	5	100	0	20	350	200	2	0	0	99	0	0	0	0	0	0	0	0	0	0	0	0	0	0	0	0	0	0	0	0	0	0	0	0
15:36:17	2	运行	0	0	制冷	R410A	0	0	107	128	296	415	114	114	-27	-27	0	0	0	0	721	1123	721	1122	141	141	0	0	92	96	228	281	124	122	-14	-16	0	0	0	0	703	1113	709	1114	138	138	0	0	0	0	0	0	0	0	500	500	5	50	20	5	100	0	20	350	200	2	0	0	99	0	0	0	0	0	0	0	0	0	0	0	0	0	0	0	0	0	0	0	0	0	0	0	0
15:36:19	2	运行	0	0	制冷	R410A	0	0	107	128	296	415	114	114	-27	-27	0	0	0	0	721	1123	721	1122	141	141	0	0	92	96	228	281	124	122	-14	-16	0	0	0	0	703	1113	709	1114	138	138	0	0	0	0	0	0	0	0	500	500	5	50	20	5	100	0	20	350	200	2	0	0	99	0	0	0	0	0	0	0	0	0	0	0	0	0	0	0	0	0	0	0	0	0	0	0	0
15:36:21	2	运行	0	0	制冷	R410A	0	0	107	128	296	415	114	114	-27	-27	0	0	0	0	721	1123	721	1122	141	141	0	0	92	96	228	281	124	122	-14	-16	0	0	0	0	703	1113	709	1114	138	138	0	0	0	0	0	0	0	0	500	500	5	50	20	5	100	0	20	350	200	2	0	0	99	0	0	0	0	0	0	0	0	0	0	0	0	0	0	0	0	0	0	0	0	0	0	0	0
15:36:23	2	运行	0	0	制冷	R410A	0	0	107	128	296	415	114	114	-27	-27	0	0	0	0	721	1123	721	1122	141	141	0	0	92	96	228	281	124	122	-14	-16	0	0	0	0	703	1113	709	1114	138	138	0	0	0	0	0	0	0	0	500	500	5	50	20	5	100	0	20	350	200	2	0	0	99	0	0	0	0	0	0	0	0	0	0	0	0	0	0	0	0	0	0	0	0	0	0	0	0
15:36:25	2	运行	0	0	制冷	R410A	0	0	107	128	296	415	114	114	-27	-27	0	0	0	0	721	1123	721	1122	141	141	0	0	92	96	228	281	124	122	-14	-16	0	0	0	0	703	1113	709	1114	138	138	0	0	0	0	0	0	0	0	500	500	5	50	20	5	100	0	20	350	200	2	0	0	99	0	0	0	0	0	0	0	0	0	0	0	0	0	0	0	0	0	0	0	0	0	0	0	0
15:36:27	2	运行	0	0	制冷	R410A	0	0	107	128	296	415	114	114	-27	-27	0	0	0	0	725	1123	721	1122	141	141	0	0	92	97	228	281	124	122	-14	-16	0	0	0	0	706	1113	706	1114	138	138	0	0	0	0	0	0	0	0	500	500	5	50	20	5	100	0	20	350	200	2	0	0	99	0	0	0	0	0	0	0	0	0	0	0	0	0	0	0	0	0	0	0	0	0	0	0	0
15:36:29	2	运行	0	0	制冷	R410A	0	0	107	128	296	415	114	114	-27	-27	0	0	0	0	725	1123	721	1122	141	141	0	0	92	97	228	281	124	122	-14	-16	0	0	0	0	706	1113	706	1114	138	138	0	0	0	0	0	0	0	0	500	500	5	50	20	5	100	0	20	350	200	2	0	0	99	0	0	0	0	0	0	0	0	0	0	0	0	0	0	0	0	0	0	0	0	0	0	0	0
15:36:31	2	运行	0	0	制冷	R410A	0	0	107	128	296	415	114	114	-27	-27	0	0	0	0	725	1123	721	1122	141	141	0	0	92	97	228	281	124	122	-14	-16	0	0	0	0	706	1113	706	1114	138	138	0	0	0	0	0	0	0	0	500	500	5	50	20	5	100	0	20	350	200	2	0	0	99	0	0	0	0	0	0	0	0	0	0	0	0	0	0	0	0	0	0	0	0	0	0	0	0
15:36:33	2	运行	0	0	制冷	R410A	0	0	107	128	296	415	114	114	-27	-27	0	0	0	0	725	1123	721	1122	141	141	0	0	92	97	228	281	124	122	-14	-16	0	0	0	0	706	1113	706	1114	138	138	0	0	0	0	0	0	0	0	500	500	5	50	20	5	100	0	20	350	200	2	0	0	99	0	0	0	0	0	0	0	0	0	0	0	0	0	0	0	0	0	0	0	0	0	0	0	0
15:36:35	2	运行	0	0	制冷	R410A	0	0	107	128	296	415	114	114	-27	-27	0	0	0	0	725	1123	721	1122	141	141	0	0	92	97	228	281	124	122	-14	-16	0	0	0	0	706	1113	706	1114	138	138	0	0	0	0	0	0	0	0	500	500	5	50	20	5	100	0	20	350	200	2	0	0	99	0	0	0	0	0	0	0	0	0	0	0	0	0	0	0	0	0	0	0	0	0	0	0	0
15:36:37	2	运行	0	0	制冷	R410A	0	0	107	128	296	415	114	114	-27	-27	0	0	0	0	718	1123	721	1122	141	141	0	0	92	97	228	281	124	122	-14	-16	0	0	0	0	706	1113	706	1114	138	138	0	0	0	0	0	0	0	0	500	500	5	50	20	5	100	0	20	350	200	2	0	0	99	0	0	0	0	0	0	0	0	0	0	0	0	0	0	0	0	0	0	0	0	0	0	0	0
15:36:39	2	运行	0	0	制冷	R410A	0	0	107	128	296	415	114	114	-27	-27	0	0	0	0	718	1123	721	1122	141	141	0	0	92	97	228	281	124	122	-14	-16	0	0	0	0	706	1113	706	1114	138	138	0	0	0	0	0	0	0	0	500	500	5	50	20	5	100	0	20	350	200	2	0	0	99	0	0	0	0	0	0	0	0	0	0	0	0	0	0	0	0	0	0	0	0	0	0	0	0
15:36:41	2	运行	0	0	制冷	R410A	0	0	107	128	296	415	114	114	-27	-27	0	0	0	0	718	1123	721	1122	141	141	0	0	92	97	228	281	124	122	-14	-16	0	0	0	0	706	1113	706	1114	138	138	0	0	0	0	0	0	0	0	500	500	5	50	20	5	100	0	20	350	200	2	0	0	99	0	0	0	0	0	0	0	0	0	0	0	0	0	0	0	0	0	0	0	0	0	0	0	0
15:36:43	2	运行	0	0	制冷	R410A	0	0	107	128	296	415	114	114	-27	-27	0	0	0	0	718	1123	721	1122	141	141	0	0	92	97	228	281	124	122	-14	-16	0	0	0	0	706	1113	706	1114	138	138	0	0	0	0	0	0	0	0	500	500	5	50	20	5	100	0	20	350	200	2	0	0	99	0	0	0	0	0	0	0	0	0	0	0	0	0	0	0	0	0	0	0	0	0	0	0	0
15:36:45	2	运行	0	0	制冷	R410A	0	0	107	128	296	415	114	114	-27	-27	0	0	0	0	718	1123	721	1122	141	141	0	0	92	97	228	281	124	122	-14	-16	0	0	0	0	706	1113	706	1114	138	138	0	0	0	0	0	0	0	0	500	500	5	50	20	5	100	0	20	350	200	2	0	0	99	0	0	0	0	0	0	0	0	0	0	0	0	0	0	0	0	0	0	0	0	0	0	0	0
15:36:47	2	运行	0	0	制冷	R410A	0	0	107	128	296	415	114	114	-27	-27	0	0	0	0	718	1123	721	1122	141	141	0	0	92	97	228	281	124	122	-14	-16	0	0	0	0	706	1113	706	1114	138	138	0	0	0	0	0	0	0	0	500	500	5	50	20	5	100	0	20	350	200	2	0	0	99	0	0	0	0	0	0	0	0	0	0	0	0	0	0	0	0	0	0	0	0	0	0	0	0
15:36:49	2	运行	0	0	制冷	R410A	0	0	107	128	296	415	114	114	-27	-27	0	0	0	0	721	1123	721	1124	141	141	0	0	92	96	228	281	124	122	-14	-16	0	0	0	0	706	1115	706	1114	138	138	0	0	0	0	0	0	0	0	500	500	5	50	20	5	100	0	20	350	200	2	0	0	99	0	0	0	0	0	0	0	0	0	0	0	0	0	0	0	0	0	0	0	0	0	0	0	0
15:36:51	2	运行	0	0	制冷	R410A	0	0	107	128	296	415	114	114	-27	-27	0	0	0	0	721	1123	721	1124	141	141	0	0	92	96	228	281	124	122	-14	-16	0	0	0	0	706	1115	706	1114	138	138	0	0	0	0	0	0	0	0	500	500	5	50	20	5	100	0	20	350	200	2	0	0	99	0	0	0	0	0	0	0	0	0	0	0	0	0	0	0	0	0	0	0	0	0	0	0	0
15:36:53	2	运行	0	0	制冷	R410A	0	0	107	128	296	415	114	114	-27	-27	0	0	0	0	721	1123	721	1124	141	141	0	0	92	96	228	281	124	122	-14	-16	0	0	0	0	706	1115	706	1114	138	138	0	0	0	0	0	0	0	0	500	500	5	50	20	5	100	0	20	350	200	2	0	0	99	0	0	0	0	0	0	0	0	0	0	0	0	0	0	0	0	0	0	0	0	0	0	0	0
15:36:55	2	运行	0	0	制冷	R410A	0	0	107	128	296	415	114	114	-27	-27	0	0	0	0	721	1123	721	1124	141	141	0	0	92	96	228	281	124	122	-14	-16	0	0	0	0	706	1115	706	1114	138	138	0	0	0	0	0	0	0	0	500	500	5	50	20	5	100	0	20	350	200	2	0	0	99	0	0	0	0	0	0	0	0	0	0	0	0	0	0	0	0	0	0	0	0	0	0	0	0
15:36:57	2	运行	0	0	制冷	R410A	0	0	107	128	296	415	114	114	-27	-27	0	0	0	0	721	1123	721	1124	141	141	0	0	92	96	228	281	124	122	-14	-16	0	0	0	0	706	1115	706	1114	138	138	0	0	0	0	0	0	0	0	500	500	5	50	20	5	100	0	20	350	200	2	0	0	99	0	0	0	0	0	0	0	0	0	0	0	0	0	0	0	0	0	0	0	0	0	0	0	0
15:36:59	2	运行	0	0	制冷	R410A	0	0	107	128	296	415	114	114	-27	-27	0	0	0	0	721	1123	721	1124	141	141	0	0	92	96	228	281	124	122	-14	-16	0	0	0	0	706	1115	706	1114	138	138	0	0	0	0	0	0	0	0	500	500	5	50	20	5	100	0	20	350	200	2	0	0	99	0	0	0	0	0	0	0	0	0	0	0	0	0	0	0	0	0	0	0	0	0	0	0	0
15:37:01	2	运行	0	0	制冷	R410A	0	0	107	128	296	415	114	114	-27	-27	0	0	0	0	718	1123	721	1122	141	141	0	0	92	96	228	281	124	122	-14	-16	0	0	0	0	706	1113	706	1114	138	138	0	0	0	0	0	0	0	0	500	500	5	50	20	5	100	0	20	350	200	2	0	0	99	0	0	0	0	0	0	0	0	0	0	0	0	0	0	0	0	0	0	0	0	0	0	0	0
15:37:03	2	运行	0	0	制冷	R410A	0	0	107	128	296	415	114	114	-27	-27	0	0	0	0	718	1123	721	1122	141	141	0	0	92	96	228	281	124	122	-14	-16	0	0	0	0	706	1113	706	1114	138	138	0	0	0	0	0	0	0	0	500	500	5	50	20	5	100	0	20	350	200	2	0	0	99	0	0	0	0	0	0	0	0	0	0	0	0	0	0	0	0	0	0	0	0	0	0	0	0
15:37:05	2	运行	0	0	制冷	R410A	0	0	107	128	296	415	114	114	-27	-27	0	0	0	0	718	1123	721	1122	141	141	0	0	92	96	228	281	124	122	-14	-16	0	0	0	0	706	1113	706	1114	138	138	0	0	0	0	0	0	0	0	500	500	5	50	20	5	100	0	20	350	200	2	0	0	99	0	0	0	0	0	0	0	0	0	0	0	0	0	0	0	0	0	0	0	0	0	0	0	0
15:37:07	2	运行	0	0	制冷	R410A	0	0	107	128	296	415	114	114	-27	-27	0	0	0	0	718	1123	721	1122	141	141	0	0	92	96	228	281	124	122	-14	-16	0	0	0	0	706	1113	706	1114	138	138	0	0	0	0	0	0	0	0	500	500	5	50	20	5	100	0	20	350	200	2	0	0	99	0	0	0	0	0	0	0	0	0	0	0	0	0	0	0	0	0	0	0	0	0	0	0	0
15:37:09	2	运行	0	0	制冷	R410A	0	0	107	128	296	415	114	114	-27	-27	0	0	0	0	718	1123	721	1122	141	141	0	0	92	96	228	281	124	122	-14	-16	0	0	0	0	706	1113	706	1114	138	138	0	0	0	0	0	0	0	0	500	500	5	50	20	5	100	0	20	350	200	2	0	0	99	0	0	0	0	0	0	0	0	0	0	0	0	0	0	0	0	0	0	0	0	0	0	0	0
15:37:11	2	运行	0	0	制冷	R410A	0	0	107	128	296	415	114	114	-27	-27	0	0	0	0	718	1123	721	1122	141	141	0	0	92	96	228	281	124	122	-14	-16	0	0	0	0	706	1113	706	1114	138	138	0	0	0	0	0	0	0	0	500	500	5	50	20	5	100	0	20	350	200	2	0	0	99	0	0	0	0	0	0	0	0	0	0	0	0	0	0	0	0	0	0	0	0	0	0	0	0
15:37:13	2	运行	0	0	制冷	R410A	0	0	107	128	296	415	114	114	-27	-27	0	0	0	0	718	1123	721	1124	141	141	0	0	92	97	228	281	124	122	-14	-16	0	0	0	0	706	1115	706	1114	138	138	0	0	0	0	0	0	0	0	500	500	5	50	20	5	100	0	20	350	200	2	0	0	99	0	0	0	0	0	0	0	0	0	0	0	0	0	0	0	0	0	0	0	0	0	0	0	0
15:37:15	2	运行	0	0	制冷	R410A	0	0	107	128	296	415	114	114	-27	-27	0	0	0	0	718	1123	721	1124	141	141	0	0	92	97	228	281	124	122	-14	-16	0	0	0	0	706	1115	706	1114	138	138	0	0	0	0	0	0	0	0	500	500	5	50	20	5	100	0	20	350	200	2	0	0	99	0	0	0	0	0	0	0	0	0	0	0	0	0	0	0	0	0	0	0	0	0	0	0	0
15:37:17	2	运行	0	0	制冷	R410A	0	0	107	128	296	415	114	114	-27	-27	0	0	0	0	718	1123	721	1124	141	141	0	0	92	97	228	281	124	122	-14	-16	0	0	0	0	706	1115	706	1114	138	138	0	0	0	0	0	0	0	0	500	500	5	50	20	5	100	0	20	350	200	2	0	0	99	0	0	0	0	0	0	0	0	0	0	0	0	0	0	0	0	0	0	0	0	0	0	0	0
15:37:19	2	运行	0	0	制冷	R410A	0	0	107	128	296	415	114	114	-27	-27	0	0	0	0	718	1123	721	1124	141	141	0	0	92	97	228	281	124	122	-14	-16	0	0	0	0	706	1115	706	1114	138	138	0	0	0	0	0	0	0	0	500	500	5	50	20	5	100	0	20	350	200	2	0	0	99	0	0	0	0	0	0	0	0	0	0	0	0	0	0	0	0	0	0	0	0	0	0	0	0
15:37:21	2	运行	0	0	制冷	R410A	0	0	107	128	296	415	114	114	-27	-27	0	0	0	0	718	1123	721	1124	141	141	0	0	92	97	228	281	124	122	-14	-16	0	0	0	0	706	1115	706	1114	138	138	0	0	0	0	0	0	0	0	500	500	5	50	20	5	100	0	20	350	200	2	0	0	99	0	0	0	0	0	0	0	0	0	0	0	0	0	0	0	0	0	0	0	0	0	0	0	0
15:37:23	2	运行	0	0	制冷	R410A	0	0	107	128	296	415	114	114	-27	-27	0	0	0	0	718	1123	721	1124	141	141	0	0	92	97	228	281	124	122	-14	-16	0	0	0	0	706	1115	706	1114	138	138	0	0	0	0	0	0	0	0	500	500	5	50	20	5	100	0	20	350	200	2	0	0	99	0	0	0	0	0	0	0	0	0	0	0	0	0	0	0	0	0	0	0	0	0	0	0	0
15:37:25	2	运行	0	0	制冷	R410A	0	0	107	128	296	415	114	114	-27	-27	0	0	0	0	721	1123	721	1122	141	141	0	0	92	97	228	281	124	122	-14	-16	0	0	0	0	706	1113	706	1114	138	138	0	0	0	0	0	0	0	0	500	500	5	50	20	5	100	0	20	350	200	2	0	0	99	0	0	0	0	0	0	0	0	0	0	0	0	0	0	0	0	0	0	0	0	0	0	0	0
15:37:27	2	运行	0	0	制冷	R410A	0	0	107	128	296	415	114	114	-27	-27	0	0	0	0	721	1123	721	1122	141	141	0	0	92	97	228	281	124	122	-14	-16	0	0	0	0	706	1113	706	1114	138	138	0	0	0	0	0	0	0	0	500	500	5	50	20	5	100	0	20	350	200	2	0	0	99	0	0	0	0	0	0	0	0	0	0	0	0	0	0	0	0	0	0	0	0	0	0	0	0
15:37:29	2	运行	0	0	制冷	R410A	0	0	107	128	296	415	114	114	-27	-27	0	0	0	0	721	1123	721	1122	141	141	0	0	92	97	228	281	124	122	-14	-16	0	0	0	0	706	1113	706	1114	138	138	0	0	0	0	0	0	0	0	500	500	5	50	20	5	100	0	20	350	200	2	0	0	99	0	0	0	0	0	0	0	0	0	0	0	0	0	0	0	0	0	0	0	0	0	0	0	0
15:37:31	2	运行	0	0	制冷	R410A	0	0	107	128	296	415	114	114	-27	-27	0	0	0	0	721	1123	721	1122	141	141	0	0	92	97	228	281	124	122	-14	-16	0	0	0	0	706	1113	706	1114	138	138	0	0	0	0	0	0	0	0	500	500	5	50	20	5	100	0	20	350	200	2	0	0	99	0	0	0	0	0	0	0	0	0	0	0	0	0	0	0	0	0	0	0	0	0	0	0	0
15:37:33	2	运行	0	0	制冷	R410A	0	0	107	128	296	415	114	114	-27	-27	0	0	0	0	721	1123	721	1122	141	141	0	0	92	97	228	281	124	122	-14	-16	0	0	0	0	706	1113	706	1114	138	138	0	0	0	0	0	0	0	0	500	500	5	50	20	5	100	0	20	350	200	2	0	0	99	0	0	0	0	0	0	0	0	0	0	0	0	0	0	0	0	0	0	0	0	0	0	0	0
15:37:35	2	运行	0	0	制冷	R410A	0	0	107	128	296	415	114	114	-27	-27	0	0	0	0	721	1123	721	1122	141	141	0	0	92	96	228	281	124	122	-14	-16	0	0	0	0	703	1113	709	1114	138	138	0	0	0	0	0	0	0	0	500	500	5	50	20	5	100	0	20	350	200	2	0	0	99	0	0	0	0	0	0	0	0	0	0	0	0	0	0	0	0	0	0	0	0	0	0	0	0
15:37:37	2	运行	0	0	制冷	R410A	0	0	107	128	296	415	114	114	-27	-27	0	0	0	0	721	1123	721	1122	141	141	0	0	92	96	228	281	124	122	-14	-16	0	0	0	0	703	1113	709	1114	138	138	0	0	0	0	0	0	0	0	500	500	5	50	20	5	100	0	20	350	200	2	0	0	99	0	0	0	0	0	0	0	0	0	0	0	0	0	0	0	0	0	0	0	0	0	0	0	0
15:37:39	2	运行	0	0	制冷	R410A	0	0	107	128	296	415	114	114	-27	-27	0	0	0	0	721	1123	721	1122	141	141	0	0	92	96	228	281	124	122	-14	-16	0	0	0	0	703	1113	709	1114	138	138	0	0	0	0	0	0	0	0	500	500	5	50	20	5	100	0	20	350	200	2	0	0	99	0	0	0	0	0	0	0	0	0	0	0	0	0	0	0	0	0	0	0	0	0	0	0	0
15:37:41	2	运行	0	0	制冷	R410A	0	0	107	128	296	415	114	114	-27	-27	0	0	0	0	721	1123	721	1122	141	141	0	0	92	96	228	281	124	122	-14	-16	0	0	0	0	703	1113	709	1114	138	138	0	0	0	0	0	0	0	0	500	500	5	50	20	5	100	0	20	350	200	2	0	0	99	0	0	0	0	0	0	0	0	0	0	0	0	0	0	0	0	0	0	0	0	0	0	0	0
15:37:43	2	运行	0	0	制冷	R410A	0	0	107	128	296	415	114	114	-27	-27	0	0	0	0	721	1123	721	1122	141	141	0	0	92	96	228	281	124	122	-14	-16	0	0	0	0	703	1113	709	1114	138	138	0	0	0	0	0	0	0	0	500	500	5	50	20	5	100	0	20	350	200	2	0	0	99	0	0	0	0	0	0	0	0	0	0	0	0	0	0	0	0	0	0	0	0	0	0	0	0
15:37:45	2	运行	0	0	制冷	R410A	0	0	107	128	296	415	114	114	-27	-27	0	0	0	0	721	1123	721	1122	141	141	0	0	92	96	228	281	124	122	-14	-16	0	0	0	0	703	1113	709	1114	138	138	0	0	0	0	0	0	0	0	500	500	5	50	20	5	100	0	20	350	200	2	0	0	99	0	0	0	0	0	0	0	0	0	0	0	0	0	0	0	0	0	0	0	0	0	0	0	0
15:37:47	2	运行	0	0	制冷	R410A	0	0	107	128	296	415	114	114	-27	-27	0	0	0	0	725	1123	721	1122	141	141	0	0	92	97	228	281	124	122	-14	-16	0	0	0	0	703	1113	709	1114	138	138	0	0	0	0	0	0	0	0	500	500	5	50	20	5	100	0	20	350	200	2	1	0	0	200	0	0	0	0	0	0	0	56	0	0	0	0	0	0	0	1	0	0	0	0	0	0	0
15:37:49	2	运行	0	0	制冷	R410A	0	0	107	128	296	415	114	114	-27	-27	0	0	0	0	725	1123	721	1122	141	141	0	0	92	97	228	281	124	122	-14	-16	0	0	0	0	703	1113	709	1114	138	138	0	0	0	0	0	0	0	0	500	500	5	50	20	5	100	0	20	350	200	2	1	0	0	200	0	0	0	0	0	0	0	117	0	0	0	0	0	0	0	1	0	0	0	0	0	0	0
15:37:51	2	运行	0	0	制冷	R410A	0	0	107	128	296	415	114	114	-27	-27	0	0	0	0	725	1123	721	1122	141	141	0	0	92	97	228	281	124	122	-14	-16	0	0	0	0	703	1113	709	1114	138	138	0	0	0	0	0	0	0	0	500	500	5	50	20	5	100	0	20	350	200	2	1	0	0	200	0	0	0	0	0	0	0	177	0	0	0	0	0	0	0	1	0	0	0	0	0	0	0
15:37:53	2	运行	0	0	制冷	R410A	0	0	107	128	296	415	114	114	-27	-27	0	0	0	0	725	1123	721	1122	141	141	0	0	92	97	228	281	124	122	-14	-16	0	0	0	0	703	1113	709	1114	138	138	0	0	0	0	0	0	0	0	500	500	5	50	20	5	100	0	20	350	200	2	1	0	99	200	0	0	0	0	0	0	0	200	0	0	0	0	0	0	0	1	0	0	0	0	0	0	0
15:37:55	2	运行	0	0	制冷	R410A	0	0	107	128	296	415	114	114	-27	-27	0	0	0	0	725	1123	721	1122	141	141	0	0	92	97	228	281	124	122	-14	-16	0	0	0	0	703	1113	709	1114	138	138	0	0	0	0	0	0	0	0	500	500	5	50	20	5	100	0	20	350	200	2	1	0	99	200	0	0	0	0	0	0	0	200	0	0	0	0	0	0	0	1	0	0	0	0	0	0	0
15:37:57	2	运行	0	0	制冷	R410A	0	0	107	128	296	415	114	114	-27	-27	0	0	0	0	725	1123	721	1122	141	141	0	0	92	97	228	281	124	122	-14	-16	0	0	0	0	703	1113	709	1114	138	138	0	0	0	0	0	0	0	0	500	500	5	50	20	5	100	0	20	350	200	2	1	0	99	200	0	0	0	0	0	0	0	200	0	0	0	0	0	0	0	1	0	0	0	0	0	0	0
15:37:59	2	运行	0	0	制冷	R410A	0	0	107	128	296	415	114	114	-27	-27	0	0	0	0	721	1123	721	1124	141	141	0	0	92	96	228	281	124	122	-14	-16	0	0	0	0	703	1113	706	1114	138	138	0	0	0	0	0	0	0	0	500	500	5	50	20	5	100	0	20	350	200	2	1	0	99	200	0	0	0	0	0	0	0	200	0	0	0	0	0	0	0	1	0	0	0	0	0	0	0
15:38:01	2	运行	0	0	制冷	R410A	0	0	107	128	296	415	114	114	-27	-27	0	0	0	0	721	1123	721	1124	141	141	0	0	92	96	228	281	124	122	-14	-16	0	0	0	0	703	1113	706	1114	138	138	0	0	0	0	0	0	0	0	500	500	5	50	20	5	100	0	20	350	200	2	1	0	99	200	0	0	0	0	0	0	0	200	0	0	0	0	0	0	0	1	0	0	0	0	0	0	0
15:38:03	2	运行	0	0	制冷	R410A	0	0	107	128	296	415	114	114	-27	-27	0	0	0	0	721	1123	721	1124	141	141	0	0	92	96	228	281	124	122	-14	-16	0	0	0	0	703	1113	706	1114	138	138	0	0	0	0	0	0	0	0	500	500	5	50	20	5	100	0	20	350	200	2	1	0	99	200	0	0	0	0	0	0	0	200	0	0	0	0	0	0	0	1	0	0	0	0	0	0	0
15:38:05	2	运行	0	0	制冷	R410A	0	0	107	128	296	415	114	114	-27	-27	0	0	0	0	721	1123	721	1124	141	141	0	0	92	96	228	281	124	122	-14	-16	0	0	0	0	703	1113	706	1114	138	138	0	0	0	0	0	0	0	0	500	500	5	50	20	5	100	0	20	350	200	2	1	0	99	200	0	0	0	0	0	0	0	200	0	0	0	0	0	0	0	1	0	0	0	0	0	0	0
15:38:07	2	运行	0	0	制冷	R410A	0	0	107	128	296	415	114	114	-27	-27	0	0	0	0	721	1123	721	1124	141	141	0	0	92	96	228	281	124	122	-14	-16	0	0	0	0	703	1113	706	1114	138	138	0	0	0	0	0	0	0	0	500	500	5	50	20	5	100	0	20	350	200	2	1	0	99	200	0	0	0	0	0	0	0	200	0	0	0	0	0	0	0	1	0	0	0	0	0	0	0
15:38:09	2	运行	0	0	制冷	R410A	0	0	107	128	296	415	114	114	-27	-27	0	0	0	0	721	1123	721	1124	141	141	0	0	92	96	228	281	124	122	-14	-16	0	0	0	0	703	1113	706	1114	138	138	0	0	0	0	0	0	0	0	500	500	5	50	20	5	100	0	20	350	200	2	1	0	99	200	0	0	0	0	0	0	0	200	0	0	0	0	0	0	0	1	0	0	0	0	0	0	0
15:38:11	2	运行	0	0	制冷	R410A	0	0	107	128	296	415	114	114	-27	-27	0	0	0	0	721	1123	721	1122	141	141	0	0	92	96	228	281	124	122	-14	-16	0	0	0	0	703	1113	706	1114	138	138	0	0	0	0	0	0	0	0	500	500	5	50	20	5	100	0	20	350	200	2	1	0	99	200	0	0	0	0	0	0	0	200	0	0	0	0	0	0	0	1	0	0	0	0	0	0	0
15:38:13	2	运行	0	0	制冷	R410A	0	0	107	128	296	415	114	114	-27	-27	0	0	0	0	721	1123	721	1122	141	141	0	0	92	96	228	281	124	122	-14	-16	0	0	0	0	703	1113	706	1114	138	138	0	0	0	0	0	0	0	0	500	500	5	50	20	5	100	0	20	350	200	2	1	0	99	200	0	0	0	0	0	0	0	200	0	0	0	0	0	0	0	1	0	0	0	0	0	0	0
15:38:15	2	运行	0	0	制冷	R410A	0	0	107	128	296	415	114	114	-27	-27	0	0	0	0	721	1123	721	1122	141	141	0	0	92	96	228	281	124	122	-14	-16	0	0	0	0	703	1113	706	1114	138	138	0	0	0	0	0	0	0	0	500	500	5	50	20	5	100	0	20	350	200	2	1	0	99	200	0	0	0	0	0	0	0	200	0	0	0	0	0	0	0	1	0	0	0	0	0	0	0
15:38:17	2	运行	0	0	制冷	R410A	0	0	107	128	296	415	114	114	-27	-27	0	0	0	0	721	1123	721	1122	141	141	0	0	92	96	228	281	124	122	-14	-16	0	0	0	0	703	1113	706	1114	138	138	0	0	0	0	0	0	0	0	500	500	5	50	20	5	100	0	20	350	200	2	1	0	99	200	0	0	0	0	0	0	0	200	0	0	0	0	0	0	0	1	0	0	0	0	0	0	0
15:38:19	2	运行	0	0	制冷	R410A	0	0	107	128	296	415	114	114	-27	-27	0	0	0	0	721	1123	721	1122	141	141	0	0	92	96	228	281	124	122	-14	-16	0	0	0	0	703	1113	706	1114	138	138	0	0	0	0	0	0	0	0	500	500	5	50	20	5	100	0	20	350	200	2	1	0	99	200	0	0	0	0	0	0	0	200	0	0	0	0	0	0	0	1	0	0	0	0	0	0	0
15:38:21	2	运行	0	0	制冷	R410A	0	0	107	128	296	415	114	114	-27	-27	0	0	0	0	721	1123	721	1122	141	141	0	0	92	96	228	281	124	122	-14	-16	0	0	0	0	703	1113	706	1114	138	138	0	0	0	0	0	0	0	0	500	500	5	50	20	5	100	0	20	350	200	2	1	1	1	200	200	0	0	0	0	0	0	200	24	0	0	0	0	0	0	1	1	0	0	0	0	0	0
15:38:23	2	运行	0	0	制冷	R410A	2	0	107	128	296	415	114	114	-27	-27	0	0	0	0	721	1123	721	1122	141	141	0	0	92	97	228	281	124	122	-14	-16	0	0	0	0	706	1113	709	1116	138	138	0	0	0	0	0	0	0	0	500	500	5	50	20	5	100	0	20	350	200	2	1	1	1	200	200	0	0	0	0	0	0	200	84	0	0	0	0	0	0	1	1	0	0	0	0	0	0
15:38:25	2	运行	0	0	制冷	R410A	2	0	107	128	296	415	114	114	-27	-27	0	0	0	0	721	1123	721	1122	141	141	0	0	92	97	228	281	124	122	-14	-16	0	0	0	0	706	1113	709	1116	138	138	0	0	0	0	0	0	0	0	500	500	5	50	20	5	100	0	20	350	200	2	1	1	1	200	200	0	0	0	0	0	0	200	144	0	0	0	0	0	0	1	1	0	0	0	0	0	0
15:38:27	2	运行	0	0	制冷	R410A	2	0	107	128	296	415	114	114	-27	-27	0	0	0	0	721	1123	721	1122	141	141	0	0	92	97	228	281	124	122	-14	-16	0	0	0	0	706	1113	709	1116	138	138	0	0	0	0	0	0	0	0	500	500	5	50	20	5	100	0	20	350	200	2	1	1	1	195	200	0	0	0	0	0	0	195	191	0	0	0	0	0	0	1	1	0	0	0	0	0	0
15:38:29	2	运行	0	0	制冷	R410A	2	0	107	128	296	415	114	114	-27	-27	0	0	0	0	721	1123	721	1122	141	141	0	0	92	97	228	281	124	122	-14	-16	0	0	0	0	706	1113	709	1116	138	138	0	0	0	0	0	0	0	0	500	500	5	50	20	5	100	0	20	350	200	2	1	1	99	195	200	0	0	0	0	0	0	195	200	0	0	0	0	0	0	1	1	0	0	0	0	0	0
15:38:31	2	运行	0	0	制冷	R410A	2	0	107	128	296	415	114	114	-27	-27	0	0	0	0	721	1123	721	1122	141	141	0	0	92	97	228	281	124	122	-14	-16	0	0	0	0	706	1113	709	1116	138	138	0	0	0	0	0	0	0	0	500	500	5	50	20	5	100	0	20	350	200	2	1	1	99	190	200	0	0	0	0	0	0	190	200	0	0	0	0	0	0	1	1	0	0	0	0	0	0
15:38:33	2	运行	0	0	制冷	R410A	2	0	107	128	296	415	114	114	-27	-27	0	0	0	0	721	1123	721	1122	141	141	0	0	92	97	228	281	124	122	-14	-16	0	0	0	0	706	1113	709	1116	138	138	0	0	0	0	0	0	0	0	500	500	5	50	20	5	100	0	20	350	200	2	1	1	99	190	200	0	0	0	0	0	0	190	200	0	0	0	0	0	0	1	1	0	0	0	0	0	0
15:38:35	2	运行	0	0	制冷	R410A	2	0	107	128	296	415	114	114	-27	-27	0	0	0	0	721	1123	721	1122	141	141	0	0	92	96	228	281	124	122	-14	-16	0	0	0	0	703	1113	706	1114	138	138	0	0	0	0	0	0	0	0	500	500	5	50	20	5	100	0	20	350	200	2	1	1	99	190	200	0	0	0	0	0	0	190	200	0	0	0	0	0	0	1	1	0	0	0	0	0	0
15:38:37	2	运行	0	0	制冷	R410A	2	0	107	128	296	415	114	114	-27	-27	0	0	0	0	721	1123	721	1122	141	141	0	0	92	96	228	281	124	122	-14	-16	0	0	0	0	703	1113	706	1114	138	138	0	0	0	0	0	0	0	0	500	500	5	50	20	5	100	0	20	350	200	2	1	1	99	189	200	0	0	0	0	0	0	189	200	0	0	0	0	0	0	1	1	0	0	0	0	0	0
15:38:39	2	运行	0	0	制冷	R410A	2	0	107	128	296	415	114	114	-27	-27	0	0	0	0	721	1123	721	1122	141	141	0	0	92	96	228	281	124	122	-14	-16	0	0	0	0	703	1113	706	1114	138	138	0	0	0	0	0	0	0	0	500	500	5	50	20	5	100	0	20	350	200	2	1	1	99	189	200	0	0	0	0	0	0	189	200	0	0	0	0	0	0	1	1	0	0	0	0	0	0
15:38:41	2	运行	0	0	制冷	R410A	2	0	107	128	296	415	114	114	-27	-27	0	0	0	0	721	1123	721	1122	141	141	0	0	92	96	228	281	124	122	-14	-16	0	0	0	0	703	1113	706	1114	138	138	0	0	0	0	0	0	0	0	500	500	5	50	20	5	100	0	20	350	200	2	1	1	99	187	200	0	0	0	0	0	0	187	200	0	0	0	0	0	0	1	1	0	0	0	0	0	0
15:38:43	2	运行	0	0	制冷	R410A	2	0	107	128	296	415	114	114	-27	-27	0	0	0	0	721	1123	721	1122	141	141	0	0	92	96	228	281	124	122	-14	-16	0	0	0	0	703	1113	706	1114	138	138	0	0	0	0	0	0	0	0	500	500	5	50	20	5	100	0	20	350	200	2	1	1	99	187	200	0	0	0	0	0	0	187	200	0	0	0	0	0	0	1	1	0	0	0	0	0	0
15:38:45	2	运行	0	0	制冷	R410A	2	2	107	128	296	415	114	114	-27	-27	0	0	0	0	721	1123	721	1122	141	141	0	0	92	97	228	281	124	122	-14	-16	0	0	0	0	703	1113	709	1116	138	138	0	0	0	0	0	0	0	0	500	500	5	50	20	5	100	0	20	350	200	2	1	1	99	187	200	0	0	0	0	0	0	187	200	0	0	0	0	0	0	1	1	0	0	0	0	0	0
15:38:47	2	运行	0	0	制冷	R410A	2	2	107	128	296	415	114	114	-27	-27	0	0	0	0	721	1123	721	1122	141	141	0	0	92	97	228	281	124	122	-14	-16	0	0	0	0	703	1113	709	1116	138	138	0	0	0	0	0	0	0	0	500	500	5	50	20	5	100	0	20	350	200	2	1	1	99	185	200	0	0	0	0	0	0	185	200	0	0	0	0	0	0	1	1	0	0	0	0	0	0
15:38:49	2	运行	0	0	制冷	R410A	2	2	107	128	296	415	114	114	-27	-27	0	0	0	0	721	1123	721	1122	141	141	0	0	92	97	228	281	124	122	-14	-16	0	0	0	0	703	1113	709	1116	138	138	0	0	0	0	0	0	0	0	500	500	5	50	20	5	100	0	20	350	200	2	1	1	99	185	195	0	0	0	0	0	0	185	195	0	0	0	0	0	0	1	1	0	0	0	0	0	0
15:38:51	2	运行	0	0	制冷	R410A	2	2	107	128	296	415	114	114	-27	-27	0	0	0	0	721	1123	721	1122	141	141	0	0	92	97	228	281	124	122	-14	-16	0	0	0	0	703	1113	709	1116	138	138	0	0	0	0	0	0	0	0	500	500	5	50	20	5	100	0	20	350	200	2	1	1	99	183	195	0	0	0	0	0	0	183	195	0	0	0	0	0	0	1	1	0	0	0	0	0	0
15:38:53	2	运行	0	0	制冷	R410A	2	2	107	128	296	415	114	114	-27	-27	0	0	0	0	721	1123	721	1122	141	141	0	0	92	97	228	281	124	122	-14	-16	0	0	0	0	703	1113	709	1116	138	138	0	0	0	0	0	0	0	0	500	500	5	50	20	5	100	0	20	350	200	2	1	1	99	183	195	0	0	0	0	0	0	183	195	0	0	0	0	0	0	1	1	0	0	0	0	0	0
15:38:55	2	运行	0	0	制冷	R410A	2	2	107	128	296	415	114	114	-27	-27	0	0	0	0	721	1123	721	1122	141	141	0	0	92	97	228	281	124	122	-14	-16	0	0	0	0	703	1113	709	1116	138	138	0	0	0	0	0	0	0	0	500	500	5	50	20	5	100	0	20	350	200	2	1	1	99	183	190	0	0	0	0	0	0	183	190	0	0	0	0	0	0	1	1	0	0	0	0	0	0
15:38:57	2	运行	0	0	制冷	R410A	2	2	107	128	296	415	114	114	-27	-27	0	0	0	0	721	1123	721	1122	141	141	0	0	92	97	228	281	124	122	-14	-16	0	0	0	0	706	1113	706	1114	138	138	0	0	0	0	0	0	0	0	500	500	5	50	20	5	100	0	20	350	200	2	1	1	99	181	190	0	0	0	0	0	0	181	190	0	0	0	0	0	0	1	1	0	0	0	0	0	0
15:38:59	2	运行	0	0	制冷	R410A	2	2	107	128	296	415	114	114	-27	-27	0	0	0	0	721	1123	721	1122	141	141	0	0	92	97	228	281	124	122	-14	-16	0	0	0	0	706	1113	706	1114	138	138	0	0	0	0	0	0	0	0	500	500	5	50	20	5	100	0	20	350	200	2	1	1	99	181	189	0	0	0	0	0	0	181	189	0	0	0	0	0	0	1	1	0	0	0	0	0	0
15:39:01	2	运行	0	0	制冷	R410A	2	2	107	128	296	415	114	114	-27	-27	0	0	0	0	721	1123	721	1122	141	141	0	0	92	97	228	281	124	122	-14	-16	0	0	0	0	706	1113	706	1114	138	138	0	0	0	0	0	0	0	0	500	500	5	50	20	5	100	0	20	350	200	2	1	1	99	179	189	0	0	0	0	0	0	179	189	0	0	0	0	0	0	1	1	0	0	0	0	0	0
15:39:03	2	运行	0	0	制冷	R410A	2	2	107	128	296	415	114	114	-27	-27	0	0	0	0	721	1123	721	1122	141	141	0	0	92	97	228	281	124	122	-14	-16	0	0	0	0	706	1113	706	1114	138	138	0	0	0	0	0	0	0	0	500	500	5	50	20	5	100	0	20	350	200	2	1	1	99	179	189	0	0	0	0	0	0	179	189	0	0	0	0	0	0	1	1	0	0	0	0	0	0
15:39:05	2	运行	0	0	制冷	R410A	2	2	107	128	296	415	114	114	-27	-27	0	0	0	0	721	1123	721	1122	141	141	0	0	92	97	228	281	124	122	-14	-16	0	0	0	0	706	1113	706	1114	138	138	0	0	0	0	0	0	0	0	500	500	5	50	20	5	100	0	20	350	200	2	1	1	99	179	187	0	0	0	0	0	0	179	187	0	0	0	0	0	0	1	1	0	0	0	0	0	0
15:39:07	2	运行	0	0	制冷	R410A	2	2	107	128	296	415	114	114	-27	-27	0	0	0	0	721	1123	721	1122	141	141	0	0	92	97	228	281	124	122	-14	-16	0	0	0	0	706	1113	706	1114	138	138	0	0	0	0	0	0	0	0	500	500	5	50	20	5	100	0	20	350	200	2	1	1	99	177	187	0	0	0	0	0	0	177	187	0	0	0	0	0	0	1	1	0	0	0	0	0	0
15:39:09	2	运行	0	0	制冷	R410A	2	2	107	128	296	415	114	114	-27	-27	0	0	0	0	721	1123	721	1124	141	141	0	0	92	97	228	281	124	122	-14	-16	0	0	0	0	703	1113	709	1114	138	138	0	0	0	0	0	0	0	0	500	500	5	50	20	5	100	0	20	350	200	2	1	1	99	177	185	0	0	0	0	0	0	177	185	0	0	0	0	0	0	1	1	0	0	0	0	0	0
15:39:11	2	运行	0	0	制冷	R410A	2	2	107	128	296	415	114	114	-27	-27	0	0	0	0	721	1123	721	1124	141	141	0	0	92	97	228	281	124	122	-14	-16	0	0	0	0	703	1113	709	1114	138	138	0	0	0	0	0	0	0	0	500	500	5	50	20	5	100	0	20	350	200	2	1	1	99	175	185	0	0	0	0	0	0	175	185	0	0	0	0	0	0	1	1	0	0	0	0	0	0
15:39:13	2	运行	0	0	制冷	R410A	2	2	107	128	296	415	114	114	-27	-27	0	0	0	0	721	1123	721	1124	141	141	0	0	92	97	228	281	124	122	-14	-16	0	0	0	0	703	1113	709	1114	138	138	0	0	0	0	0	0	0	0	500	500	5	50	20	5	100	0	20	350	200	2	1	1	99	175	185	0	0	0	0	0	0	175	185	0	0	0	0	0	0	1	1	0	0	0	0	0	0
15:39:15	2	运行	0	0	制冷	R410A	2	2	107	128	296	415	114	114	-27	-27	0	0	0	0	721	1123	721	1124	141	141	0	0	92	97	228	281	124	122	-14	-16	0	0	0	0	703	1113	709	1114	138	138	0	0	0	0	0	0	0	0	500	500	5	50	20	5	100	0	20	350	200	2	1	1	99	175	183	0	0	0	0	0	0	175	183	0	0	0	0	0	0	1	1	0	0	0	0	0	0
15:39:17	2	运行	0	0	制冷	R410A	2	2	107	128	296	415	114	114	-27	-27	0	0	0	0	721	1123	721	1124	141	141	0	0	92	97	228	281	124	122	-14	-16	0	0	0	0	703	1113	709	1114	138	138	0	0	0	0	0	0	0	0	500	500	5	50	20	5	100	0	20	350	200	2	1	1	99	173	183	0	0	0	0	0	0	173	183	0	0	0	0	0	0	1	1	0	0	0	0	0	0
15:39:19	2	运行	0	0	制冷	R410A	2	2	107	128	296	415	114	114	-27	-27	0	0	0	0	721	1123	721	1124	141	141	0	0	92	97	228	281	124	122	-14	-16	0	0	0	0	703	1113	709	1114	138	138	0	0	0	0	0	0	0	0	500	500	5	50	20	5	100	0	20	350	200	2	1	1	99	173	181	0	0	0	0	0	0	173	181	0	0	0	0	0	0	1	1	0	0	0	0	0	0
15:39:21	2	运行	0	0	制冷	R410A	2	2	107	128	296	415	114	114	-27	-27	0	0	0	0	721	1123	721	1122	141	141	0	0	92	97	228	281	124	122	-14	-16	0	0	0	0	703	1113	709	1114	138	138	0	0	0	0	0	0	0	0	500	500	5	50	20	5	100	0	20	350	200	2	1	1	99	171	181	0	0	0	0	0	0	171	181	0	0	0	0	0	0	1	1	0	0	0	0	0	0
15:39:23	2	运行	0	0	制冷	R410A	2	2	107	128	296	415	114	114	-27	-27	0	0	0	0	721	1123	721	1122	141	141	0	0	92	97	228	281	124	122	-14	-16	0	0	0	0	703	1113	709	1114	138	138	0	0	0	0	0	0	0	0	500	500	5	50	20	5	100	0	20	350	200	2	1	1	99	171	181	0	0	0	0	0	0	171	181	0	0	0	0	0	0	1	1	0	0	0	0	0	0
15:39:25	2	运行	0	0	制冷	R410A	2	2	107	128	296	415	114	114	-27	-27	0	0	0	0	721	1123	721	1122	141	141	0	0	92	97	228	281	124	122	-14	-16	0	0	0	0	703	1113	709	1114	138	138	0	0	0	0	0	0	0	0	500	500	5	50	20	5	100	0	20	350	200	3	1	1	2	171	179	200	0	0	0	0	0	171	179	17	0	0	0	0	0	1	1	1	0	0	0	0	0
15:39:27	2	运行	0	0	制冷	R410A	2	2	107	128	296	415	114	114	-27	-27	0	0	0	0	721	1123	721	1122	141	141	0	0	92	97	228	281	124	122	-14	-16	0	0	0	0	703	1113	709	1114	138	138	0	0	0	0	0	0	0	0	500	500	5	50	20	5	100	0	20	350	200	3	1	1	2	169	179	200	0	0	0	0	0	169	179	66	0	0	0	0	0	1	1	1	0	0	0	0	0
15:39:29	2	运行	0	0	制冷	R410A	2	2	107	128	296	415	114	114	-27	-27	0	0	0	0	721	1123	721	1122	141	141	0	0	92	97	228	281	124	122	-14	-16	0	0	0	0	703	1113	709	1114	138	138	0	0	0	0	0	0	0	0	500	500	5	50	20	5	100	0	20	350	200	3	1	1	2	169	177	200	0	0	0	0	0	169	179	133	0	0	0	0	0	1	1	1	0	0	0	0	0
15:39:31	2	运行	0	0	制冷	R410A	2	2	107	128	296	415	114	114	-27	-27	0	0	0	0	721	1123	721	1122	141	141	0	0	92	97	228	281	124	122	-14	-16	0	0	0	0	703	1113	709	1114	138	138	0	0	0	0	0	0	0	0	500	500	5	50	20	5	100	0	20	350	200	3	1	1	99	167	177	200	0	0	0	0	0	167	177	158	0	0	0	0	0	1	1	1	0	0	0	0	0
15:39:33	2	运行	0	0	制冷	R410A	2	2	107	128	296	415	114	114	-27	-27	0	0	0	0	721	1123	721	1122	141	141	0	0	92	97	228	281	124	122	-14	-16	0	0	0	0	703	1113	706	1114	138	138	0	0	0	0	0	0	0	0	500	500	5	50	20	5	100	0	20	350	200	3	1	1	99	167	177	200	0	0	0	0	0	167	177	200	0	0	0	0	0	1	1	1	0	0	0	0	0
15:39:35	2	运行	0	0	制冷	R410A	2	2	107	128	296	415	114	114	-27	-27	0	0	0	0	721	1123	721	1122	141	141	0	0	92	97	228	281	124	122	-14	-16	0	0	0	0	703	1113	706	1114	138	138	0	0	0	0	0	0	0	0	500	500	5	50	20	5	100	0	20	350	200	3	1	1	99	167	175	200	0	0	0	0	0	167	175	200	0	0	0	0	0	1	1	1	0	0	0	0	0
15:39:37	2	运行	0	0	制冷	R410A	2	2	107	128	296	415	114	114	-27	-27	0	0	0	0	721	1123	721	1122	141	141	0	0	92	97	228	281	124	122	-14	-16	0	0	0	0	703	1113	706	1114	138	138	0	0	0	0	0	0	0	0	500	500	5	50	20	5	100	0	20	350	200	3	1	1	99	165	175	200	0	0	0	0	0	165	175	200	0	0	0	0	0	1	1	1	0	0	0	0	0
15:39:39	2	运行	0	0	制冷	R410A	2	2	107	128	296	415	114	114	-27	-27	0	0	0	0	721	1123	721	1122	141	141	0	0	92	97	228	281	124	122	-14	-16	0	0	0	0	703	1113	706	1114	138	138	0	0	0	0	0	0	0	0	500	500	5	50	20	5	100	0	20	350	200	3	1	1	99	165	173	200	0	0	0	0	0	165	173	200	0	0	0	0	0	1	1	1	0	0	0	0	0
15:39:41	2	运行	0	0	制冷	R410A	2	2	107	128	296	415	114	114	-27	-27	0	0	0	0	721	1123	721	1122	141	141	0	0	92	97	228	281	124	122	-14	-16	0	0	0	0	703	1113	706	1114	138	138	0	0	0	0	0	0	0	0	500	500	5	50	20	5	100	0	20	350	200	3	1	1	99	164	173	200	0	0	0	0	0	164	173	200	0	0	0	0	0	1	1	1	0	0	0	0	0
15:39:43	2	运行	0	0	制冷	R410A	2	2	107	128	296	415	114	114	-27	-27	0	0	0	0	721	1123	721	1122	141	141	0	0	92	97	228	281	124	122	-14	-16	0	0	0	0	703	1113	706	1114	138	138	0	0	0	0	0	0	0	0	500	500	5	50	20	5	100	0	20	350	200	3	1	1	99	164	173	200	0	0	0	0	0	164	173	200	0	0	0	0	0	1	1	1	0	0	0	0	0
15:39:45	2	运行	0	0	制冷	R410A	2	2	107	128	296	415	114	114	-27	-27	0	0	0	0	721	1123	721	1122	141	141	0	0	92	96	228	281	124	122	-14	-16	0	0	0	0	703	1113	709	1114	138	138	0	0	0	0	0	0	0	0	500	500	5	50	20	5	100	0	20	350	200	3	1	1	99	164	171	200	0	0	0	0	0	164	171	200	0	0	0	0	0	1	1	1	0	0	0	0	0
15:39:47	2	运行	0	0	制冷	R410A	2	2	107	128	296	415	114	114	-27	-27	0	0	0	0	721	1123	721	1122	141	141	0	0	92	96	228	281	124	122	-14	-16	0	0	0	0	703	1113	709	1114	138	138	0	0	0	0	0	0	0	0	500	500	5	50	20	5	100	0	20	350	200	3	1	1	99	162	171	200	0	0	0	0	0	162	171	200	0	0	0	0	0	1	1	1	0	0	0	0	0
15:39:49	2	运行	0	0	制冷	R410A	2	2	107	128	296	415	114	114	-27	-27	0	0	0	0	721	1123	721	1122	141	141	0	0	92	96	228	281	124	122	-14	-16	0	0	0	0	703	1113	709	1114	138	138	0	0	0	0	0	0	0	0	500	500	5	50	20	5	100	0	20	350	200	3	1	1	99	162	169	200	0	0	0	0	0	162	169	200	0	0	0	0	0	1	1	1	0	0	0	0	0
15:39:51	2	运行	0	0	制冷	R410A	2	2	107	128	296	415	114	114	-27	-27	0	0	0	0	721	1123	721	1122	141	141	0	0	92	96	228	281	124	122	-14	-16	0	0	0	0	703	1113	709	1114	138	138	0	0	0	0	0	0	0	0	500	500	5	50	20	5	100	0	20	350	200	3	1	1	99	160	169	200	0	0	0	0	0	160	169	200	0	0	0	0	0	1	1	1	0	0	0	0	0
15:39:53	2	运行	0	0	制冷	R410A	2	2	107	128	296	415	114	114	-27	-27	0	0	0	0	721	1123	721	1122	141	141	0	0	92	96	228	281	124	122	-14	-16	0	0	0	0	703	1113	709	1114	138	138	0	0	0	0	0	0	0	0	500	500	5	50	20	5	100	0	20	350	200	3	1	1	99	160	169	200	0	0	0	0	0	160	169	200	0	0	0	0	0	1	1	1	0	0	0	0	0
15:39:55	2	运行	0	0	制冷	R410A	2	2	107	128	296	415	114	114	-27	-27	0	0	0	0	721	1123	721	1122	141	141	2	0	92	97	228	281	124	122	-14	-16	0	0	0	0	706	1113	706	1114	138	138	0	0	0	0	0	0	0	0	500	500	5	50	20	5	100	0	20	350	200	3	1	1	99	160	167	200	0	0	0	0	0	160	167	200	0	0	0	0	0	1	1	1	0	0	0	0	0
15:39:57	2	运行	0	0	制冷	R410A	2	2	107	128	296	415	114	114	-27	-27	0	0	0	0	721	1123	721	1122	141	141	2	0	92	97	228	281	124	122	-14	-16	0	0	0	0	706	1113	706	1114	138	138	0	0	0	0	0	0	0	0	500	500	5	50	20	5	100	0	20	350	200	3	1	1	99	158	167	200	0	0	0	0	0	158	167	200	0	0	0	0	0	1	1	1	0	0	0	0	0
15:39:59	2	运行	0	0	制冷	R410A	2	2	107	128	296	415	114	114	-27	-27	0	0	0	0	721	1123	721	1122	141	141	2	0	92	97	228	281	124	122	-14	-16	0	0	0	0	706	1113	706	1114	138	138	0	0	0	0	0	0	0	0	500	500	5	50	20	5	100	0	20	350	200	3	1	1	99	158	165	195	0	0	0	0	0	158	165	195	0	0	0	0	0	1	1	1	0	0	0	0	0
15:40:01	2	运行	0	0	制冷	R410A	2	2	107	128	296	415	114	114	-27	-27	0	0	0	0	721	1123	721	1122	141	141	2	0	92	97	228	281	124	122	-14	-16	0	0	0	0	706	1113	706	1114	138	138	0	0	0	0	0	0	0	0	500	500	5	50	20	5	100	0	20	350	200	3	1	1	99	156	165	195	0	0	0	0	0	156	165	195	0	0	0	0	0	1	1	1	0	0	0	0	0
15:40:03	2	运行	0	0	制冷	R410A	2	2	107	128	296	415	114	114	-27	-27	0	0	0	0	721	1123	721	1122	141	141	2	0	92	97	228	281	124	122	-14	-16	0	0	0	0	706	1113	706	1114	138	138	0	0	0	0	0	0	0	0	500	500	5	50	20	5	100	0	20	350	200	3	1	1	99	156	165	195	0	0	0	0	0	156	165	195	0	0	0	0	0	1	1	1	0	0	0	0	0
15:40:05	2	运行	0	0	制冷	R410A	2	2	107	128	296	415	114	114	-27	-27	0	0	0	0	721	1123	721	1122	141	141	2	0	92	97	228	281	124	122	-14	-16	0	0	0	0	706	1113	706	1114	138	138	0	0	0	0	0	0	0	0	500	500	5	50	20	5	100	0	20	350	200	3	1	1	99	156	164	190	0	0	0	0	0	156	164	190	0	0	0	0	0	1	1	1	0	0	0	0	0
15:40:07	2	运行	0	0	制冷	R410A	2	2	107	128	296	415	114	114	-27	-27	0	0	0	0	721	1123	721	1122	141	141	2	0	92	97	228	281	124	122	-14	-16	0	0	0	0	706	1113	706	1114	138	138	0	0	0	0	0	0	0	0	500	500	5	50	20	5	100	0	20	350	200	3	1	1	99	154	164	190	0	0	0	0	0	154	164	190	0	0	0	0	0	1	1	1	0	0	0	0	0
15:40:09	2	运行	0	0	制冷	R410A	2	2	107	128	296	415	114	114	-27	-27	0	0	0	0	721	1123	721	1122	141	141	2	0	92	97	228	281	124	122	-14	-16	0	0	0	0	706	1113	706	1114	138	138	0	0	0	0	0	0	0	0	500	500	5	50	20	5	100	0	20	350	200	3	1	1	99	154	162	189	0	0	0	0	0	154	162	189	0	0	0	0	0	1	1	1	0	0	0	0	0
15:40:11	2	运行	0	0	制冷	R410A	2	2	107	128	296	415	114	114	-27	-27	0	0	0	0	721	1123	721	1122	141	141	2	0	92	97	228	281	124	122	-14	-16	0	0	0	0	706	1113	706	1114	138	138	0	0	0	0	0	0	0	0	500	500	5	50	20	5	100	0	20	350	200	3	1	1	99	152	162	189	0	0	0	0	0	152	162	189	0	0	0	0	0	1	1	1	0	0	0	0	0
15:40:13	2	运行	0	0	制冷	R410A	2	2	107	128	296	415	114	114	-27	-27	0	0	0	0	721	1123	721	1122	141	141	2	0	92	97	228	281	124	122	-14	-16	0	0	0	0	706	1113	706	1114	138	138	0	0	0	0	0	0	0	0	500	500	5	50	20	5	100	0	20	350	200	3	1	1	99	152	162	189	0	0	0	0	0	152	162	189	0	0	0	0	0	1	1	1	0	0	0	0	0
15:40:15	2	运行	0	0	制冷	R410A	2	2	107	128	296	415	114	114	-27	-27	0	0	0	0	721	1123	721	1122	141	141	2	0	92	97	228	281	124	122	-14	-16	0	0	0	0	706	1113	706	1114	138	138	0	0	0	0	0	0	0	0	500	500	5	50	20	5	100	0	20	350	200	3	1	1	99	152	160	187	0	0	0	0	0	152	160	187	0	0	0	0	0	1	1	1	0	0	0	0	0
15:40:17	2	运行	0	0	制冷	R410A	2	2	107	128	296	415	114	114	-27	-27	0	0	0	0	721	1123	721	1122	141	141	2	0	92	97	228	281	124	122	-14	-16	0	0	0	0	706	1113	706	1114	138	138	0	0	0	0	0	0	0	0	500	500	5	50	20	5	100	0	20	350	200	3	1	1	99	150	160	187	0	0	0	0	0	150	160	187	0	0	0	0	0	1	1	1	0	0	0	0	0
15:40:19	2	运行	0	0	制冷	R410A	2	2	107	128	296	415	114	114	-27	-27	0	0	0	0	721	1123	721	1122	141	141	2	0	92	97	228	281	124	122	-14	-16	0	0	0	0	703	1113	709	1114	138	138	0	0	0	0	0	0	0	0	500	500	5	50	20	5	100	0	20	350	200	3	1	1	99	150	158	186	0	0	0	0	0	150	158	186	0	0	0	0	0	1	1	1	0	0	0	0	0
15:40:21	2	运行	0	0	制冷	R410A	2	2	107	128	296	415	114	114	-27	-27	0	0	0	0	721	1123	721	1122	141	141	2	0	92	97	228	281	124	122	-14	-16	0	0	0	0	703	1113	709	1114	138	138	0	0	0	0	0	0	0	0	500	500	5	50	20	5	100	0	20	350	200	3	1	1	99	148	158	186	0	0	0	0	0	148	158	186	0	0	0	0	0	1	1	1	0	0	0	0	0
15:40:23	2	运行	0	0	制冷	R410A	2	2	107	128	296	415	114	114	-27	-27	0	0	0	0	721	1123	721	1122	141	141	2	0	92	97	228	281	124	122	-14	-16	0	0	0	0	703	1113	709	1114	138	138	0	0	0	0	0	0	0	0	500	500	5	50	20	5	100	0	20	350	200	3	1	1	99	148	158	186	0	0	0	0	0	148	158	186	0	0	0	0	0	1	1	1	0	0	0	0	0
15:40:25	2	运行	0	0	制冷	R410A	2	2	107	128	296	415	114	114	-27	-27	0	0	0	0	721	1123	721	1122	141	141	2	0	92	97	228	281	124	122	-14	-16	0	0	0	0	703	1113	709	1114	138	138	0	0	0	0	0	0	0	0	500	500	5	50	20	5	100	0	20	350	200	3	1	1	99	148	156	184	0	0	0	0	0	148	156	184	0	0	0	0	0	1	1	1	0	0	0	0	0
15:40:27	2	运行	0	0	制冷	R410A	2	2	107	128	296	415	114	114	-27	-27	0	0	0	0	721	1123	721	1122	141	141	2	0	92	97	228	281	124	122	-14	-16	0	0	0	0	703	1113	709	1114	138	138	0	0	0	0	0	0	0	0	500	500	5	50	20	5	100	0	20	350	200	3	1	1	99	146	156	184	0	0	0	0	0	146	156	184	0	0	0	0	0	1	1	1	0	0	0	0	0
15:40:29	2	运行	0	0	制冷	R410A	2	2	107	128	296	415	114	114	-27	-27	0	0	0	0	721	1123	721	1122	141	141	2	0	92	97	228	281	124	122	-14	-16	0	0	0	0	703	1113	709	1114	138	138	0	0	0	0	0	0	0	0	500	500	5	50	20	5	100	0	20	350	200	3	1	1	99	146	154	182	0	0	0	0	0	146	154	182	0	0	0	0	0	1	1	1	0	0	0	0	0
15:40:31	2	运行	0	0	制冷	R410A	2	2	107	128	296	415	114	114	-27	-27	0	0	0	0	721	1123	721	1124	141	141	2	0	92	97	228	281	124	122	-14	-16	0	0	0	0	703	1113	706	1114	138	138	0	0	0	0	0	0	0	0	500	500	5	50	20	5	100	0	20	350	200	3	1	1	99	144	154	182	0	0	0	0	0	144	154	182	0	0	0	0	0	1	1	1	0	0	0	0	0
15:40:33	2	运行	0	0	制冷	R410A	2	2	107	128	296	415	114	114	-27	-27	0	0	0	0	721	1123	721	1124	141	141	2	0	92	97	228	281	124	122	-14	-16	0	0	0	0	703	1113	706	1114	138	138	0	0	0	0	0	0	0	0	500	500	5	50	20	5	100	0	20	350	200	3	1	1	99	144	154	182	0	0	0	0	0	144	154	182	0	0	0	0	0	1	1	1	0	0	0	0	0
15:40:35	2	运行	0	0	制冷	R410A	2	2	107	128	296	415	114	114	-27	-27	0	0	0	0	721	1123	721	1124	141	141	2	0	92	97	228	281	124	122	-14	-16	0	0	0	0	703	1113	706	1114	138	138	0	0	0	0	0	0	0	0	500	500	5	50	20	5	100	0	20	350	200	3	1	1	99	144	152	181	0	0	0	0	0	144	152	181	0	0	0	0	0	1	1	1	0	0	0	0	0
15:40:37	2	运行	0	0	制冷	R410A	2	2	107	128	296	415	114	114	-27	-27	0	0	0	0	721	1123	721	1124	141	141	2	0	92	97	228	281	124	122	-14	-16	0	0	0	0	703	1113	706	1114	138	138	0	0	0	0	0	0	0	0	500	500	5	50	20	5	100	0	20	350	200	3	1	1	99	142	152	181	0	0	0	0	0	142	152	181	0	0	0	0	0	1	1	1	0	0	0	0	0
15:40:39	2	运行	0	0	制冷	R410A	2	2	107	128	296	415	114	114	-27	-27	0	0	0	0	721	1123	721	1124	141	141	2	0	92	97	228	281	124	122	-14	-16	0	0	0	0	703	1113	706	1114	138	138	0	0	0	0	0	0	0	0	500	500	5	50	20	5	100	0	20	350	200	3	1	1	99	142	150	179	0	0	0	0	0	142	150	179	0	0	0	0	0	1	1	1	0	0	0	0	0
15:40:41	2	运行	0	0	制冷	R410A	2	2	107	128	296	415	114	114	-27	-27	0	0	0	0	721	1123	721	1122	141	141	2	0	92	97	228	281	124	122	-14	-16	0	0	0	0	703	1113	706	1114	138	138	0	0	0	0	0	0	0	0	500	500	5	50	20	5	100	0	20	350	200	3	1	1	99	140	150	179	0	0	0	0	0	140	150	179	0	0	0	0	0	1	1	1	0	0	0	0	0
15:40:43	2	运行	0	0	制冷	R410A	2	2	107	128	296	415	114	114	-27	-27	0	0	0	0	721	1123	721	1122	141	141	2	0	92	96	228	281	124	122	-14	-16	0	0	0	0	703	1113	706	1114	138	138	0	0	0	0	0	0	0	0	500	500	5	50	20	5	100	0	20	350	200	3	1	1	99	140	150	179	0	0	0	0	0	140	150	179	0	0	0	0	0	1	1	1	0	0	0	0	0
15:40:45	2	运行	0	0	制冷	R410A	2	2	107	128	296	415	114	114	-27	-27	0	0	0	0	721	1123	721	1122	141	141	2	0	92	96	228	281	124	122	-14	-16	0	0	0	0	703	1113	706	1114	138	138	0	0	0	0	0	0	0	0	500	500	5	50	20	5	100	0	20	350	200	3	1	1	99	140	148	178	0	0	0	0	0	140	148	178	0	0	0	0	0	1	1	1	0	0	0	0	0
15:40:47	2	运行	0	0	制冷	R410A	2	2	107	128	296	415	114	114	-27	-27	0	0	0	0	721	1123	721	1122	141	141	2	0	92	96	228	281	124	122	-14	-16	0	0	0	0	703	1113	706	1114	138	138	0	0	0	0	0	0	0	0	500	500	5	50	20	5	100	0	20	350	200	3	1	1	99	139	148	178	0	0	0	0	0	139	148	178	0	0	0	0	0	1	1	1	0	0	0	0	0
15:40:49	2	运行	0	0	制冷	R410A	2	2	107	128	296	415	114	114	-27	-27	0	0	0	0	721	1123	721	1122	141	141	2	0	92	96	228	281	124	122	-14	-16	0	0	0	0	703	1113	706	1114	138	138	0	0	0	0	0	0	0	0	500	500	5	50	20	5	100	0	20	350	200	3	1	1	99	139	146	176	0	0	0	0	0	139	146	176	0	0	0	0	0	1	1	1	0	0	0	0	0
15:40:51	2	运行	0	0	制冷	R410A	2	2	107	128	296	415	114	114	-27	-27	0	0	0	0	721	1123	721	1122	141	141	2	0	92	96	228	281	124	122	-14	-16	0	0	0	0	703	1113	706	1114	138	138	0	0	0	0	0	0	0	0	500	500	5	50	20	5	100	0	20	350	200	3	1	1	99	137	146	176	0	0	0	0	0	137	146	176	0	0	0	0	0	1	1	1	0	0	0	0	0
15:40:53	2	运行	0	0	制冷	R410A	2	2	107	128	296	415	114	114	-27	-27	0	0	0	0	721	1123	721	1122	141	141	2	0	92	97	228	281	124	122	-14	-16	0	0	0	0	706	1113	706	1114	138	138	0	0	0	0	0	0	0	0	500	500	5	50	20	5	100	0	20	350	200	3	1	1	99	137	146	176	0	0	0	0	0	137	146	176	0	0	0	0	0	1	1	1	0	0	0	0	0
15:40:55	2	运行	0	0	制冷	R410A	2	2	107	128	296	415	114	114	-27	-27	0	0	0	0	721	1123	721	1122	141	141	2	0	92	97	228	281	124	122	-14	-16	0	0	0	0	706	1113	706	1114	138	138	0	0	0	0	0	0	0	0	500	500	5	50	20	5	100	0	20	350	200	3	1	1	99	137	144	174	0	0	0	0	0	137	144	174	0	0	0	0	0	1	1	1	0	0	0	0	0
15:40:57	2	运行	0	0	制冷	R410A	2	2	107	128	296	415	114	114	-27	-27	0	0	0	0	721	1123	721	1122	141	141	2	0	92	97	228	281	124	122	-14	-16	0	0	0	0	706	1113	706	1114	138	138	0	0	0	0	0	0	0	0	500	500	5	50	20	5	100	0	20	350	200	3	1	1	99	135	144	174	0	0	0	0	0	135	144	174	0	0	0	0	0	1	1	1	0	0	0	0	0
15:40:59	2	运行	0	0	制冷	R410A	2	2	107	128	296	415	114	114	-27	-27	0	0	0	0	721	1123	721	1122	141	141	2	0	92	97	228	281	124	122	-14	-16	0	0	0	0	706	1113	706	1114	138	138	0	0	0	0	0	0	0	0	500	500	5	50	20	5	100	0	20	350	200	3	1	1	99	135	142	173	0	0	0	0	0	135	142	173	0	0	0	0	0	1	1	1	0	0	0	0	0
15:41:01	2	运行	0	0	制冷	R410A	2	2	107	128	296	415	114	114	-27	-27	0	0	0	0	721	1123	721	1122	141	141	2	0	92	97	228	281	124	122	-14	-16	0	0	0	0	706	1113	706	1114	138	138	0	0	0	0	0	0	0	0	500	500	5	50	20	5	100	0	20	350	200	3	1	1	99	133	142	173	0	0	0	0	0	133	142	173	0	0	0	0	0	1	1	1	0	0	0	0	0
15:41:03	2	运行	0	0	制冷	R410A	2	2	107	128	296	415	114	114	-27	-27	0	0	0	0	721	1123	721	1122	141	141	2	0	92	97	228	281	124	122	-14	-16	0	0	0	0	706	1113	706	1114	138	138	0	0	0	0	0	0	0	0	500	500	5	50	20	5	100	0	20	350	200	3	1	1	99	133	142	173	0	0	0	0	0	133	142	173	0	0	0	0	0	1	1	1	0	0	0	0	0
15:41:05	2	运行	0	0	制冷	R410A	2	2	107	128	296	415	114	114	-27	-27	0	0	0	0	721	1123	721	1122	141	141	2	0	92	96	228	281	124	122	-14	-16	0	0	0	0	703	1113	709	1116	138	138	0	0	0	0	0	0	0	0	500	500	5	50	20	5	100	0	20	350	200	4	1	1	3	133	140	171	200	0	0	0	0	133	140	171	15	0	0	0	0	1	1	1	1	0	0	0	0
