=== 330 加湿 PID 动态记录（规格书 3.8 验算，纯 Modbus）===
参数: KPS=5  TIS=100s  KDS=0  T=5s  SDF=20.0%RH

   t | Sys | 设定 实际 | E(931) | N(892) BX Z(939) 期望Z | 备注
      0 |  2 |  50.0  50.5 |     -5 |    0   1     0      0 | 制热故障=1 | 死区
      1 |  2 |  50.0  50.5 |     -3 |    0   1     0      0 | 制热故障=1 | 死区
      3 |  2 |  50.0  50.4 |     -4 |    0   1     0      0 | 制热故障=1 | 死区
     11 |  2 |  50.0  50.5 |     -5 |    0   1     0      0 | 制热故障=1 | 死区
     14 |  2 |  50.0  50.4 |     -4 |    0   1     0      0 | 制热故障=1 | 死区
     15 |  2 |  50.0  50.5 |     -5 |    0   1     0      0 | 制热故障=1 | 死区
     16 |  2 |  50.0  50.4 |     -4 |    0   1     0      0 | 制热故障=1 | 死区
     18 |  2 |  50.0  50.5 |     -5 |    0   1     0      0 | 制热故障=1 | 死区
     19 |  2 |  50.0  50.4 |     -5 |    0   1     0      0 | 制热故障=1 | 死区
     20 |  2 |  50.0  50.4 |     -4 |    0   1     0      0 | 制热故障=1 | 死区
     21 |  2 |  50.0  50.5 |     -5 |    0   1     0      0 | 制热故障=1 | 死区
     23 |  2 |  50.0  50.4 |     -4 |    0   1     0      0 | 制热故障=1 | 死区
     24 |  2 |  50.0  50.5 |     -5 |    0   1     0      0 | 制热故障=1 | 死区
     25 |  2 |  50.0  50.5 |     -4 |    0   1     0      0 | 制热故障=1 | 死区
     26 |  2 |  50.0  50.5 |     -5 |    0   1     0      0 | 制热故障=1 | 死区
     28 |  2 |  50.0  50.4 |     -5 |    0   1     0      0 | 制热故障=1 | 死区
     29 |  2 |  50.0  50.5 |     -5 |    0   1     0      0 | 制热故障=1 | 死区
     31 |  2 |  50.0  50.4 |     -5 |    0   1     0      0 | 制热故障=1 | 死区
     33 |  2 |  50.0  50.4 |     -4 |    0   1     0      0 | 制热故障=1 | 死区
     34 |  2 |  50.0  50.5 |     -4 |    0   1     0      0 | 制热故障=1 | 死区
     35 |  2 |  50.0  50.5 |     -5 |    0   1     0      0 | 制热故障=1 | 死区
     39 |  2 |  50.0  50.4 |     -4 |    0   1     0      0 | 制热故障=1 | 死区
     40 |  2 |  50.0  50.5 |     -4 |    0   1     0      0 | 制热故障=1 | 死区
     41 |  2 |  50.0  50.5 |     -5 |    0   1     0      0 | 制热故障=1 | 死区
     43 |  2 |  50.0  50.5 |     -4 |    0   1     0      0 | 制热故障=1 | 死区
     44 |  2 |  50.0  50.4 |     -4 |    0   1     0      0 | 制热故障=1 | 死区
     45 |  2 |  50.0  50.5 |     -5 |    0   1     0      0 | 制热故障=1 | 死区
     46 |  2 |  50.0  50.4 |     -5 |    0   1     0      0 | 制热故障=1 | 死区
     48 |  2 |  50.0  50.4 |     -4 |    0   1     0      0 | 制热故障=1 | 死区
     49 |  2 |  50.0  50.5 |     -5 |    0   1     0      0 | 制热故障=1 | 死区
     50 |  2 |  50.0  50.4 |     -4 |    0   1     0      0 | 制热故障=1 | 死区
     51 |  2 |  50.0  50.5 |     -5 |    0   1     0      0 | 制热故障=1 | 死区
     54 |  2 |  50.0  50.4 |     -4 |    0   1     0      0 | 制热故障=1 | 死区
     55 |  2 |  50.0  50.5 |     -5 |    0   1     0      0 | 制热故障=1 | 死区
     57 |  2 |  50.0  50.4 |     -4 |    0   1     0      0 | 制热故障=1 | 死区
     58 |  2 |  50.0  50.5 |     -5 |    0   1     0      0 | 制热故障=1 | 死区
     59 |  2 |  50.0  50.4 |     -4 |    0   1     0      0 | 制热故障=1 | 死区
     62 |  2 |  50.0  50.5 |     -5 |    0   1     0      0 | 制热故障=1 | 死区
     67 |  2 |  50.0  50.4 |     -4 |    0   1     0      0 | 制热故障=1 | 死区
     68 |  2 |  50.0  50.4 |     -5 |    0   1     0      0 | 制热故障=1 | 死区
     69 |  2 |  50.0  50.5 |     -5 |    0   1     0      0 | 制热故障=1 | 死区
     70 |  2 |  50.0  50.5 |     -6 |    0   1     0      0 | 制热故障=1 | 死区
     72 |  2 |  50.0  50.4 |     -4 |    0   1     0      0 | 制热故障=1 | 死区
     74 |  2 |  50.0  50.4 |     -5 |    0   1     0      0 | 制热故障=1 | 死区
     75 |  2 |  50.0  50.5 |     -5 |    0   1     0      0 | 制热故障=1 | 死区
     77 |  2 |  50.0  50.5 |     -4 |    0   1     0      0 | 制热故障=1 | 死区
     78 |  2 |  50.0  50.5 |     -5 |    0   1     0      0 | 制热故障=1 | 死区
     79 |  2 |  50.0  50.5 |     -4 |    0   1     0      0 | 制热故障=1 | 死区
     80 |  2 |  50.0  50.5 |     -5 |    0   1     0      0 | 制热故障=1 | 死区
     83 |  2 |  50.0  50.4 |     -4 |    0   1     0      0 | 制热故障=1 | 死区
     84 |  2 |  50.0  50.5 |     -5 |    0   1     0      0 | 制热故障=1 | 死区
     89 |  2 |  50.0  50.5 |     -4 |    0   1     0      0 | 制热故障=1 | 死区
     90 |  2 |  50.0  50.4 |     -4 |    0   1     0      0 | 制热故障=1 | 死区
     92 |  2 |  50.0  50.5 |     -6 |    0   1     0      0 | 制热故障=1 | 死区
     93 |  2 |  50.0  50.5 |     -5 |    0   1     0      0 | 制热故障=1 | 死区
     98 |  2 |  50.0  50.5 |     -4 |    0   1     0      0 | 制热故障=1 | 死区
     99 |  2 |  50.0  50.6 |     -6 |    0   1     0      0 | 制热故障=1 | 死区
    100 |  2 |  50.0  50.6 |     -4 |    0   1     0      0 | 制热故障=1 | 死区
    102 |  2 |  50.0  50.5 |     -5 |    0   1     0      0 | 制热故障=1 | 死区
    104 |  2 |  50.0  50.4 |     -4 |    0   1     0      0 | 制热故障=1 | 死区
    105 |  2 |  50.0  50.5 |     -5 |    0   1     0      0 | 制热故障=1 | 死区
    107 |  2 |  50.0  50.5 |     -4 |    0   1     0      0 | 制热故障=1 | 死区
    108 |  2 |  50.0  50.5 |     -5 |    0   1     0      0 | 制热故障=1 | 死区
    109 |  2 |  50.0  50.4 |     -4 |    0   1     0      0 | 制热故障=1 | 死区
    110 |  2 |  50.0  50.5 |     -4 |    0   1     0      0 | 制热故障=1 | 死区
    112 |  2 |  50.0  50.5 |     -5 |    0   1     0      0 | 制热故障=1 | 死区
    113 |  2 |  50.0  50.5 |     -4 |    0   1     0      0 | 制热故障=1 | 死区
    114 |  2 |  50.0  50.4 |     -4 |    0   1     0      0 | 制热故障=1 | 死区
    116 |  2 |  50.0  50.3 |     -3 |    0   1     0      0 | 制热故障=1 | 死区
    117 |  2 |  50.0  50.5 |     -5 |    0   1     0      0 | 制热故障=1 | 死区
    119 |  2 |  50.0  50.4 |     -4 |    0   1     0      0 | 制热故障=1 | 死区
    121 |  2 |  50.0  50.5 |     -5 |    0   1     0      0 | 制热故障=1 | 死区
    124 |  2 |  50.0  50.4 |     -4 |    0   1     0      0 | 制热故障=1 | 死区
    126 |  2 |  50.0  50.4 |     -5 |    0   1     0      0 | 制热故障=1 | 死区
    127 |  2 |  50.0  50.5 |     -5 |    0   1     0      0 | 制热故障=1 | 死区
    128 |  2 |  50.0  50.4 |     -5 |    0   1     0      0 | 制热故障=1 | 死区
    129 |  2 |  50.0  50.5 |     -5 |    0   1     0      0 | 制热故障=1 | 死区
    136 |  2 |  50.0  50.4 |     -4 |    0   1     0      0 | 制热故障=1 | 死区
    137 |  2 |  50.0  50.5 |     -4 |    0   1     0      0 | 制热故障=1 | 死区
    138 |  2 |  50.0  50.5 |     -5 |    0   1     0      0 | 制热故障=1 | 死区
    139 |  2 |  50.0  50.4 |     -4 |    0   1     0      0 | 制热故障=1 | 死区
    141 |  2 |  50.0  50.5 |     -4 |    0   1     0      0 | 制热故障=1 | 死区
    142 |  2 |  50.0  50.5 |     -5 |    0   1     0      0 | 制热故障=1 | 死区
    143 |  2 |  50.0  50.4 |     -5 |    0   1     0      0 | 制热故障=1 | 死区
    144 |  2 |  50.0  50.5 |     -5 |    0   1     0      0 | 制热故障=1 | 死区
    148 |  2 |  50.0  50.4 |     -4 |    0   1     0      0 | 制热故障=1 | 死区
    149 |  2 |  50.0  50.4 |     -5 |    0   1     0      0 | 制热故障=1 | 死区
    151 |  2 |  50.0  50.5 |     -5 |    0   1     0      0 | 制热故障=1 | 死区
    152 |  2 |  50.0  50.5 |     -3 |    0   1     0      0 | 制热故障=1 | 死区
    153 |  2 |  50.0  50.5 |     -5 |    0   1     0      0 | 制热故障=1 | 死区
    158 |  2 |  50.0  50.5 |     -4 |    0   1     0      0 | 制热故障=1 | 死区
    159 |  2 |  50.0  50.3 |     -3 |    0   1     0      0 | 制热故障=1 | 死区
    161 |  2 |  50.0  50.4 |     -4 |    0   1     0      0 | 制热故障=1 | 死区
    162 |  2 |  50.0  50.5 |     -5 |    0   1     0      0 | 制热故障=1 | 死区
    166 |  2 |  50.0  50.4 |     -4 |    0   1     0      0 | 制热故障=1 | 死区
    168 |  2 |  50.0  50.5 |     -5 |    0   1     0      0 | 制热故障=1 | 死区
    169 |  2 |  50.0  50.4 |     -4 |    0   1     0      0 | 制热故障=1 | 死区
    171 |  2 |  50.0  50.3 |     -3 |    0   1     0      0 | 制热故障=1 | 死区
    172 |  2 |  50.0  50.5 |     -5 |    0   1     0      0 | 制热故障=1 | 死区
    175 |  2 |  50.0  50.4 |     -4 |    0   1     0      0 | 制热故障=1 | 死区
    177 |  2 |  50.0  50.5 |     -5 |    0   1     0      0 | 制热故障=1 | 死区
    181 |  2 |  50.0  50.4 |     -4 |    0   1     0      0 | 制热故障=1 | 死区
    182 |  2 |  50.0  50.5 |     -5 |    0   1     0      0 | 制热故障=1 | 死区
    186 |  2 |  50.0  50.4 |     -5 |    0   1     0      0 | 制热故障=1 | 死区
    187 |  2 |  50.0  50.5 |     -5 |    0   1     0      0 | 制热故障=1 | 死区
    188 |  2 |  50.0  50.4 |     -5 |    0   1     0      0 | 制热故障=1 | 死区
    190 |  2 |  50.0  50.4 |     -4 |    0   1     0      0 | 制热故障=1 | 死区
    191 |  2 |  50.0  50.5 |     -5 |    0   1     0      0 | 制热故障=1 | 死区
    192 |  2 |  50.0  50.4 |     -4 |    0   1     0      0 | 制热故障=1 | 死区
    193 |  2 |  50.0  50.5 |     -5 |    0   1     0      0 | 制热故障=1 | 死区
    195 |  2 |  50.0  50.4 |     -4 |    0   1     0      0 | 制热故障=1 | 死区
    197 |  2 |  50.0  50.5 |     -5 |    0   1     0      0 | 制热故障=1 | 死区
    201 |  2 |  50.0  50.4 |     -4 |    0   1     0      0 | 制热故障=1 | 死区
    203 |  2 |  50.0  50.5 |     -5 |    0   1     0      0 | 制热故障=1 | 死区
    206 |  2 |  50.0  50.4 |     -3 |    0   1     0      0 | 制热故障=1 | 死区
    207 |  2 |  50.0  50.4 |     -4 |    0   1     0      0 | 制热故障=1 | 死区
    208 |  2 |  50.0  50.5 |     -5 |    0   1     0      0 | 制热故障=1 | 死区
    211 |  2 |  50.0  50.4 |     -4 |    0   1     0      0 | 制热故障=1 | 死区
    212 |  2 |  50.0  50.5 |     -5 |    0   1     0      0 | 制热故障=1 | 死区
    215 |  2 |  50.0  50.6 |     -4 |    0   1     0      0 | 制热故障=1 | 死区
    216 |  2 |  50.0  50.5 |     -5 |    0   1     0      0 | 制热故障=1 | 死区
    217 |  2 |  50.0  50.3 |     -3 |    0   1     0      0 | 制热故障=1 | 死区
    218 |  2 |  50.0  50.4 |     -5 |    0   1     0      0 | 制热故障=1 | 死区
    220 |  2 |  50.0  50.4 |     -4 |    0   1     0      0 | 制热故障=1 | 死区
    222 |  2 |  50.0  50.5 |     -5 |    0   1     0      0 | 制热故障=1 | 死区
    223 |  2 |  50.0  50.4 |     -5 |    0   1     0      0 | 制热故障=1 | 死区
    225 |  2 |  50.0  50.5 |     -5 |    0   1     0      0 | 制热故障=1 | 死区
    227 |  2 |  50.0  50.5 |     -3 |    0   1     0      0 | 制热故障=1 | 死区
    228 |  2 |  50.0  50.4 |     -4 |    0   1     0      0 | 制热故障=1 | 死区
    230 |  2 |  50.0  50.5 |     -5 |    0   1     0      0 | 制热故障=1 | 死区
    232 |  2 |  50.0  50.4 |     -4 |    0   1     0      0 | 制热故障=1 | 死区
    236 |  2 |  50.0  50.5 |     -4 |    0   1     0      0 | 制热故障=1 | 死区
    237 |  2 |  50.0  50.5 |     -5 |    0   1     0      0 | 制热故障=1 | 死区
    239 |  2 |  50.0  50.4 |     -5 |    0   1     0      0 | 制热故障=1 | 死区
    240 |  2 |  50.0  50.5 |     -5 |    0   1     0      0 | 制热故障=1 | 死区
    241 |  2 |  50.0  50.4 |     -4 |    0   1     0      0 | 制热故障=1 | 死区
    245 |  2 |  50.0  50.4 |     -6 |    0   1     0      0 | 制热故障=1 | 死区
    246 |  2 |  50.0  50.5 |     -5 |    0   1     0      0 | 制热故障=1 | 死区
    249 |  2 |  50.0  50.4 |     -5 |    0   1     0      0 | 制热故障=1 | 死区
    250 |  2 |  50.0  50.5 |     -5 |    0   1     0      0 | 制热故障=1 | 死区
    251 |  2 |  50.0  50.4 |     -4 |    0   1     0      0 | 制热故障=1 | 死区
    252 |  2 |  50.0  50.5 |     -5 |    0   1     0      0 | 制热故障=1 | 死区
    254 |  2 |  50.0  50.4 |     -4 |    0   1     0      0 | 制热故障=1 | 死区
    255 |  2 |  50.0  50.4 |     -5 |    0   1     0      0 | 制热故障=1 | 死区
    256 |  2 |  50.0  50.4 |     -4 |    0   1     0      0 | 制热故障=1 | 死区
    257 |  2 |  50.0  50.5 |     -5 |    0   1     0      0 | 制热故障=1 | 死区
    259 |  2 |  50.0  50.4 |     -4 |    0   1     0      0 | 制热故障=1 | 死区
    260 |  2 |  50.0  50.4 |     -5 |    0   1     0      0 | 制热故障=1 | 死区
    261 |  2 |  50.0  50.5 |     -5 |    0   1     0      0 | 制热故障=1 | 死区
    262 |  2 |  50.0  50.4 |     -4 |    0   1     0      0 | 制热故障=1 | 死区
    264 |  2 |  50.0  50.5 |     -4 |    0   1     0      0 | 制热故障=1 | 死区
    265 |  2 |  50.0  50.4 |     -4 |    0   1     0      0 | 制热故障=1 | 死区
    266 |  2 |  50.0  50.5 |     -5 |    0   1     0      0 | 制热故障=1 | 死区
    267 |  2 |  50.0  50.4 |     -4 |    0   1     0      0 | 制热故障=1 | 死区
    270 |  2 |  50.0  50.5 |     -4 |    0   1     0      0 | 制热故障=1 | 死区
    271 |  2 |  50.0  50.4 |     -4 |    0   1     0      0 | 制热故障=1 | 死区
    276 |  2 |  50.0  50.5 |     -5 |    0   1     0      0 | 制热故障=1 | 死区
    279 |  2 |  50.0  50.5 |     -4 |    0   1     0      0 | 制热故障=1 | 死区
    280 |  2 |  50.0  50.5 |     -5 |    0   1     0      0 | 制热故障=1 | 死区
    281 |  0 |  50.0  50.5 |      0 |    0   1     0      0 | 制热故障=1 | 死区
    286 |  0 |  50.0  50.4 |      0 |    0   1     0      0 | 制热故障=1 | 死区
    289 |  0 |  50.0  50.5 |      0 |    0   1     0      0 | 制热故障=1 | 死区
    290 |  0 |  50.0  50.4 |      0 |    0   1     0      0 | 制热故障=1 | 死区
    291 |  0 |  50.0  50.5 |      0 |    0   1     0      0 | 制热故障=1 | 死区
    294 |  0 |  50.0  50.4 |      0 |    0   1     0      0 | 制热故障=1 | 死区
    295 |  0 |  50.0  50.5 |      0 |    0   1     0      0 | 制热故障=1 | 死区
    296 |  0 |  50.0  50.4 |      0 |    0   1     0      0 | 制热故障=1 | 死区
    298 |  0 |  50.0  50.5 |      0 |    0   1     0      0 | 制热故障=1 | 死区
    300 |  0 |  50.0  50.4 |      0 |    0   1     0      0 | 制热故障=1 | 死区
    301 |  0 |  50.0  50.5 |      0 |    0   1     0      0 | 制热故障=1 | 死区
    305 |  0 |  50.0  50.4 |      0 |    0   1     0      0 | 制热故障=1 | 死区
    306 |  0 |  50.0  50.5 |      0 |    0   1     0      0 | 制热故障=1 | 死区
    308 |  0 |  50.0  50.4 |      0 |    0   1     0      0 | 制热故障=1 | 死区
    310 |  0 |  50.0  50.5 |      0 |    0   1     0      0 | 制热故障=1 | 死区
    314 |  0 |  50.0  50.4 |      0 |    0   1     0      0 | 制热故障=1 | 死区
    315 |  0 |  50.0  50.5 |      0 |    0   1     0      0 | 制热故障=1 | 死区
    318 |  0 |  50.0  50.4 |      0 |    0   1     0      0 | 制热故障=1 | 死区
    319 |  0 |  50.0  50.5 |      0 |    0   1     0      0 | 制热故障=1 | 死区
    320 |  0 |  50.0  50.4 |      0 |    0   1     0      0 | 制热故障=1 | 死区
    330 |  0 |  50.0  50.5 |      0 |    0   1     0      0 | 制热故障=1 | 死区
    333 |  0 |  50.0  50.3 |      0 |    0   1     0      0 | 制热故障=1 | 死区
    334 |  0 |  50.0  50.5 |      0 |    0   1     0      0 | 制热故障=1 | 死区
    335 |  0 |  50.0  50.4 |      0 |    0   1     0      0 | 制热故障=1 | 死区
    336 |  0 |  50.0  50.5 |      0 |    0   1     0      0 | 制热故障=1 | 死区
    340 |  0 |  50.0  50.4 |      0 |    0   1     0      0 | 制热故障=1 | 死区
    343 |  0 |  50.0  50.5 |      0 |    0   1     0      0 | 制热故障=1 | 死区
    344 |  0 |  50.0  50.4 |      0 |    0   1     0      0 | 制热故障=1 | 死区
    346 |  0 |  50.0  50.5 |      0 |    0   1     0      0 | 制热故障=1 | 死区
    348 |  0 |  50.0  50.4 |      0 |    0   1     0      0 | 制热故障=1 | 死区
    350 |  0 |  50.0  50.5 |      0 |    0   1     0      0 | 制热故障=1 | 死区
    351 |  0 |  50.0  50.4 |      0 |    0   1     0      0 | 制热故障=1 | 死区
    355 |  0 |  50.0  50.3 |      0 |    0   1     0      0 | 制热故障=1 | 死区
    356 |  0 |  50.0  50.5 |      0 |    0   1     0      0 | 制热故障=1 | 死区
    360 |  0 |  50.0  50.3 |      0 |    0   1     0      0 | 制热故障=1 | 死区
    361 |  0 |  50.0  50.4 |      0 |    0   1     0      0 | 制热故障=1 | 死区
    364 |  0 |  50.0  50.5 |      0 |    0   1     0      0 | 制热故障=1 | 死区
    365 |  0 |  50.0  50.4 |      0 |    0   1     0      0 | 制热故障=1 | 死区
    369 |  0 |  50.0  50.5 |      0 |    0   1     0      0 | 制热故障=1 | 死区
    373 |  0 |  50.0  50.4 |      0 |    0   1     0      0 | 制热故障=1 | 死区
    376 |  0 |  50.0  50.5 |      0 |    0   1     0      0 | 制热故障=1 | 死区
    384 |  0 |  50.0  50.4 |      0 |    0   1     0      0 | 制热故障=1 | 死区
    389 |  0 |  50.0  50.5 |      0 |    0   1     0      0 | 制热故障=1 | 死区
    394 |  0 |  50.0  50.4 |      0 |    0   1     0      0 | 制热故障=1 | 死区
    395 |  0 |  50.0  50.5 |      0 |    0   1     0      0 | 制热故障=1 | 死区
    400 |  0 |  50.0  50.4 |      0 |    0   1     0      0 | 制热故障=1 | 死区
    402 |  0 |  50.0  50.5 |      0 |    0   1     0      0 | 制热故障=1 | 死区
    407 |  0 |  50.0  50.4 |      0 |    0   1     0      0 | 制热故障=1 | 死区
    409 |  0 |  50.0  50.5 |      0 |    0   1     0      0 | 制热故障=1 | 死区
    412 |  0 |  50.0  50.4 |      0 |    0   1     0      0 | 制热故障=1 | 死区
    413 |  0 |  50.0  50.5 |      0 |    0   1     0      0 | 制热故障=1 | 死区
    418 |  0 |  50.0  50.4 |      0 |    0   1     0      0 | 制热故障=1 | 死区
    419 |  0 |  50.0  50.5 |      0 |    0   1     0      0 | 制热故障=1 | 死区
    420 |  0 |  50.0  50.4 |      0 |    0   1     0      0 | 制热故障=1 | 死区
    422 |  0 |  50.0  50.5 |      0 |    0   1     0      0 | 制热故障=1 | 死区
    423 |  0 |  50.0  50.4 |      0 |    0   1     0      0 | 制热故障=1 | 死区
    425 |  0 |  50.0  50.5 |      0 |    0   1     0      0 | 制热故障=1 | 死区
    427 |  0 |  50.0  50.4 |      0 |    0   1     0      0 | 制热故障=1 | 死区
    429 |  0 |  50.0  50.5 |      0 |    0   1     0      0 | 制热故障=1 | 死区
    433 |  0 |  50.0  50.4 |      0 |    0   1     0      0 | 制热故障=1 | 死区
    435 |  0 |  50.0  50.5 |      0 |    0   1     0      0 | 制热故障=1 | 死区
    439 |  0 |  50.0  50.4 |      0 |    0   1     0      0 | 制热故障=1 | 死区
    440 |  0 |  50.0  50.5 |      0 |    0   1     0      0 | 制热故障=1 | 死区
    445 |  0 |  50.0  50.4 |      0 |    0   1     0      0 | 制热故障=1 | 死区
    448 |  0 |  50.0  50.5 |      0 |    0   1     0      0 | 制热故障=1 | 死区
    450 |  0 |  50.0  50.4 |      0 |    0   1     0      0 | 制热故障=1 | 死区
    452 |  0 |  50.0  50.5 |      0 |    0   1     0      0 | 制热故障=1 | 死区
    458 |  0 |  50.0  50.6 |      0 |    0   1     0      0 | 制热故障=1 | 死区
    459 |  0 |  50.0  50.5 |      0 |    0   1     0      0 | 制热故障=1 | 死区
    460 |  0 |  50.0  50.4 |      0 |    0   1     0      0 | 制热故障=1 | 死区
    464 |  0 |  50.0  50.6 |      0 |    0   1     0      0 | 制热故障=1 | 死区
    465 |  0 |  50.0  50.5 |      0 |    0   1     0      0 | 制热故障=1 | 死区
    467 |  0 |  50.0  50.5 |      0 |    0   1     0      0 | 制热故障=0 | 死区
    468 |  1 |  50.0  50.5 |      0 |    0   1     0      0 | 制热故障=0 | 死区
    470 |  1 |  50.0  50.4 |      0 |    0   1     0      0 | 制热故障=0 | 死区
    472 |  1 |  50.0  50.5 |      0 |    0   1     0      0 | 制热故障=0 | 死区
    476 |  1 |  50.0  50.4 |      0 |    0   1     0      0 | 制热故障=0 | 死区
    477 |  1 |  50.0  50.6 |      0 |    0   1     0      0 | 制热故障=0 | 死区
    478 |  1 |  50.0  50.5 |      0 |    0   1     0      0 | 制热故障=0 | 死区
    481 |  1 |  50.0  50.3 |      0 |    0   1     0      0 | 制热故障=0 | 死区
    482 |  1 |  50.0  50.5 |      0 |    0   1     0      0 | 制热故障=0 | 死区
    498 |  1 |  50.0  50.4 |      0 |    0   1     0      0 | 制热故障=0 | 死区
    499 |  1 |  50.0  50.5 |      0 |    0   1     0      0 | 制热故障=0 | 死区
    501 |  1 |  50.0  50.4 |      0 |    0   1     0      0 | 制热故障=0 | 死区
    502 |  1 |  50.0  50.5 |      0 |    0   1     0      0 | 制热故障=0 | 死区
    508 |  1 |  50.0  50.4 |      0 |    0   1     0      0 | 制热故障=0 | 死区
    509 |  1 |  50.0  50.5 |      0 |    0   1     0      0 | 制热故障=0 | 死区
    516 |  1 |  50.0  50.4 |      0 |    0   1     0      0 | 制热故障=0 | 死区
    517 |  1 |  50.0  50.3 |      0 |    0   1     0      0 | 制热故障=0 | 死区
    518 |  1 |  50.0  50.4 |      0 |    0   1     0      0 | 制热故障=0 | 死区
    519 |  1 |  50.0  50.5 |      0 |    0   1     0      0 | 制热故障=0 | 死区
    521 |  1 |  50.0  50.4 |      0 |    0   1     0      0 | 制热故障=0 | 死区
    522 |  1 |  50.0  50.5 |      0 |    0   1     0      0 | 制热故障=0 | 死区
    523 |  1 |  50.0  50.4 |      0 |    0   1     0      0 | 制热故障=0 | 死区
    524 |  1 |  50.0  50.5 |      0 |    0   1     0      0 | 制热故障=0 | 死区
    527 |  1 |  50.0  50.4 |      0 |    0   1     0      0 | 制热故障=0 | 死区
    528 |  1 |  50.0  50.5 |      0 |    0   1     0      0 | 制热故障=0 | 死区
    531 |  1 |  50.0  50.4 |      0 |    0   1     0      0 | 制热故障=0 | 死区
    532 |  1 |  50.0  50.5 |      0 |    0   1     0      0 | 制热故障=0 | 死区
    533 |  1 |  50.0  50.4 |      0 |    0   1     0      0 | 制热故障=0 | 死区
    536 |  1 |  50.0  50.3 |      0 |    0   1     0      0 | 制热故障=0 | 死区
    537 |  1 |  50.0  50.5 |      0 |    0   1     0      0 | 制热故障=0 | 死区
    541 |  1 |  50.0  50.4 |      0 |    0   1     0      0 | 制热故障=0 | 死区
    542 |  1 |  50.0  50.5 |      0 |    0   1     0      0 | 制热故障=0 | 死区
    543 |  1 |  50.0  50.4 |      0 |    0   1     0      0 | 制热故障=0 | 死区
    544 |  1 |  50.0  50.5 |      0 |    0   1     0      0 | 制热故障=0 | 死区
    547 |  1 |  50.0  50.4 |      0 |    0   1     0      0 | 制热故障=0 | 死区
    548 |  1 |  50.0  50.5 |      0 |    0   1     0      0 | 制热故障=0 | 死区
    552 |  1 |  50.0  50.4 |      0 |    0   1     0      0 | 制热故障=0 | 死区
    553 |  1 |  50.0  50.3 |      0 |    0   1     0      0 | 制热故障=0 | 死区
    554 |  1 |  50.0  50.5 |      0 |    0   1     0      0 | 制热故障=0 | 死区
    558 |  1 |  50.0  50.3 |      0 |    0   1     0      0 | 制热故障=0 | 死区
    559 |  1 |  50.0  50.5 |      0 |    0   1     0      0 | 制热故障=0 | 死区
    561 |  1 |  50.0  50.4 |      0 |    0   1     0      0 | 制热故障=0 | 死区
    562 |  1 |  50.0  50.6 |      0 |    0   1     0      0 | 制热故障=0 | 死区
    563 |  1 |  50.0  50.4 |      0 |    0   1     0      0 | 制热故障=0 | 死区
    564 |  1 |  50.0  50.5 |      0 |    0   1     0      0 | 制热故障=0 | 死区
    567 |  1 |  50.0  50.4 |      0 |    0   1     0      0 | 制热故障=0 | 死区
    569 |  1 |  50.0  50.5 |      0 |    0   1     0      0 | 制热故障=0 | 死区
    576 |  1 |  50.0  50.4 |      0 |    0   1     0      0 | 制热故障=0 | 死区
    577 |  1 |  50.0  50.5 |      0 |    0   1     0      0 | 制热故障=0 | 死区
    578 |  1 |  50.0  50.4 |      0 |    0   1     0      0 | 制热故障=0 | 死区
    581 |  1 |  50.0  50.5 |      0 |    0   1     0      0 | 制热故障=0 | 死区
    582 |  1 |  50.0  50.4 |      0 |    0   1     0      0 | 制热故障=0 | 死区
    584 |  1 |  50.0  50.5 |      0 |    0   1     0      0 | 制热故障=0 | 死区
    588 |  1 |  50.0  50.4 |      0 |    0   1     0      0 | 制热故障=0 | 死区
    591 |  1 |  50.0  50.5 |      0 |    0   1     0      0 | 制热故障=0 | 死区
    596 |  1 |  50.0  50.4 |      0 |    0   1     0      0 | 制热故障=0 | 死区
    597 |  1 |  50.0  50.5 |      0 |    0   1     0      0 | 制热故障=0 | 死区

结束
