已连接 state=RUNNING

=== 10Hz 采样（外机1）===
  t(s)  Fan1 Fan2 Stg IIHi Dead TwoF LastPh  ChgSec    Cmd0   Cmd1   Run0  Run1   Stop0  Stop1
   0.00    0    1   4    1    0    0  0, 1     12  49827  49532      0     58     13      0
   0.44    0    1   4    1    0    0  0, 1     13  49827  49533      0     59     14      0
   1.42    0    1   4    1    0    0  0, 1     14  49827  49534      0     60     15      0
   2.51    0    1   4    1    0    0  0, 1     15  49827  49535      0     61     16      0
   3.49    0    1   4    1    0    0  0, 1     16  49827  49536      0     62     17      0
   4.47    0    1   4    1    0    0  0, 1     17  49827  49537      0     63     18      0
   5.45    0    1   4    1    0    0  0, 1     18  49827  49538      0     64     19      0
   6.43    0    1   4    1    0    0  0, 1     19  49827  49539      0     65     20      0
   7.52    0    1   4    1    0    0  0, 1     20  49827  49540      0     66     21      0
   8.50    0    1   4    1    0    0  0, 1     21  49827  49541      0     67     22      0
   9.48    0    1   4    1    0    0  0, 1     22  49827  49542      0     68     23      0
  10.46    0    1   4    1    0    0  0, 1     23  49827  49543      0     69     24      0
  11.44    0    1   4    1    0    0  0, 1     24  49827  49544      0     70     25      0
  12.53    0    1   4    1    0    0  0, 1     25  49827  49545      0     71     26      0
  13.50    0    1   4    1    0    0  0, 1     26  49827  49546      0     72     27      0
  14.48    0    1   4    1    0    0  0, 1     27  49827  49547      0     73     28      0
  15.46    0    1   4    1    0    0  0, 1     28  49827  49548      0     74     29      0
  16.44    0    1   4    1    0    0  0, 1     29  49827  49549      0     75     30      0
  17.42    0    1   4    1    0    0  0, 1     29  49827  49550      0     76     31      0
  17.53    0    1   4    1    0    0  0, 1     30  49827  49550      0     76     31      0
  18.51    0    1   4    1    0    0  0, 1     31  49827  49551      0     77     32      0
  19.49    0    1   4    1    0    0  0, 1     32  49827  49552      0     78     33      0
  20.48    0    1   4    1    0    0  0, 1     33  49827  49553      0     79     34      0
  21.46    0    1   4    1    0    0  0, 1     34  49827  49554      0     80     35      0
  22.44    0    1   4    1    0    0  0, 1     35  49827  49555      0     81     36      0
  23.52    0    1   4    1    0    0  0, 1     36  49827  49556      0     82     37      0
  24.50    0    1   4    1    0    0  0, 1     37  49827  49557      0     83     38      0
  25.48    0    1   4    1    0    0  0, 1     38  49827  49558      0     84     39      0
  26.46    0    1   4    1    0    0  0, 1     39  49827  49559      0     85     40      0
  27.44    0    1   4    1    0    0  0, 1     40  49827  49560      0     86     41      0
  28.52    0    1   4    1    0    0  0, 1     41  49827  49561      0     87     42      0
  29.50    0    1   4    1    0    0  0, 1     42  49827  49562      0     88     43      0
  30.49    0    1   4    1    0    0  0, 1     43  49827  49563      0     89     44      0
  31.47    0    1   4    1    0    0  0, 1     44  49827  49564      0     90     45      0
  32.46    0    1   4    1    0    0  0, 1     45  49827  49565      0     91     46      0
  33.45    0    1   4    1    0    0  0, 1     46  49827  49566      0     92     47      0
  34.43    0    1   4    1    0    0  0, 1     47  49827  49567      0     93     48      0
  35.53    0    1   4    1    0    0  0, 1     48  49827  49568      0     94     49      0
  36.51    0    1   4    1    0    0  0, 1     49  49827  49569      0     95     50      0
  37.49    0    1   4    1    0    0  0, 1     50  49827  49570      0     96     51      0
  38.47    0    1   4    1    0    0  0, 1     51  49827  49571      0     97     52      0
  39.45    0    1   4    1    0    0  0, 1     52  49827  49572      0     98     53      0
  40.44    0    1   4    1    0    0  0, 1     53  49827  49573      0     99     54      0
  41.52    0    1   4    1    0    0  0, 1     54  49827  49574      0    100     55      0
  42.50    0    1   4    1    0    0  0, 1     55  49827  49575      0    101     56      0
  43.47    0    1   4    1    0    0  0, 1     56  49827  49576      0    102     57      0
  44.45    0    1   4    1    0    0  0, 1     57  49827  49577      0    103     58      0
  45.54    0    1   4    1    0    0  0, 1     58  49827  49578      0    104     59      0
  46.52    0    1   4    1    0    0  0, 1     59  49827  49579      0    105     60      0
  47.50    0    1   4    1    0    0  0, 1     60  49827  49580      0    106     61      0
  48.48    0    1   4    1    0    0  0, 1     61  49827  49581      0    107     62      0
  49.46    0    1   4    1    0    0  0, 1     62  49827  49582      0    108     63      0
  50.44    0    1   4    1    0    0  0, 1     63  49827  49583      0    109     64      0
  51.53    0    1   4    1    0    0  0, 1     64  49827  49584      0    110     65      0
  52.52    0    1   4    1    0    0  0, 1     65  49827  49585      0    111     66      0
  53.50    0    1   4    1    0    0  0, 1     66  49827  49586      0    112     67      0
  54.48    0    1   4    1    0    0  0, 1     67  49827  49587      0    113     68      0
  55.46    0    1   4    1    0    0  0, 1     68  49827  49588      0    114     69      0
  56.44    0    1   4    1    0    0  0, 1     68  49827  49589      0    115     70      0
  56.55    0    1   4    1    0    0  0, 1     69  49827  49589      0    115     70      0
  57.53    0    1   4    1    0    0  0, 1     70  49827  49590      0    116     71      0
  58.51    0    1   4    1    0    0  0, 1     71  49827  49591      0    117     72      0
  59.49    0    1   4    1    0    0  0, 1     72  49827  49592      0    118     73      0
  60.47    0    1   4    1    0    0  0, 1     73  49827  49593      0    119     74      0
  61.45    0    1   4    1    0    0  0, 1     74  49827  49594      0    120     75      0
  62.54    0    1   4    1    0    0  0, 1     75  49827  49595      0    121     76      0
  63.52    0    1   4    1    0    0  0, 1     76  49827  49596      0    122     77      0
  64.50    0    1   4    1    0    0  0, 1     77  49827  49597      0    123     78      0
  65.48    0    1   4    1    0    0  0, 1     78  49827  49598      0    124     79      0
  66.46    0    1   4    1    0    0  0, 1     79  49827  49599      0    125     80      0
  67.54    0    1   4    1    0    0  0, 1     80  49827  49600      0    126     81      0
  68.52    0    1   4    1    0    0  0, 1     81  49827  49601      0    127     82      0
  69.50    0    1   4    1    0    0  0, 1     82  49827  49602      0    128     83      0
  70.49    0    1   4    1    0    0  0, 1     83  49827  49603      0    129     84      0
  71.46    0    1   4    1    0    0  0, 1     84  49827  49604      0    130     85      0
  72.55    0    1   4    1    0    0  0, 1     85  49827  49605      0    131     86      0
  73.53    0    1   4    1    0    0  0, 1     86  49827  49606      0    132     87      0
  74.51    0    1   4    1    0    0  0, 1     87  49827  49607      0    133     88      0
  75.49    0    1   4    1    0    0  0, 1     88  49827  49608      0    134     89      0
  76.47    0    1   4    1    0    0  0, 1     89  49827  49609      0    135     90      0
  77.55    0    1   4    1    0    0  0, 1     90  49827  49610      0    136     91      0
  78.53    0    1   4    1    0    0  0, 1     91  49827  49611      0    137     92      0
  79.51    0    1   4    1    0    0  0, 1     92  49827  49612      0    138     93      0
  80.49    0    1   4    1    0    0  0, 1     93  49827  49613      0    139     94      0
  81.47    0    1   4    1    0    0  0, 1     94  49827  49614      0    140     95      0
  82.55    0    1   4    1    0    0  0, 1     95  49827  49615      0    141     96      0
  83.53    0    1   4    1    0    0  0, 1     96  49827  49616      0    142     97      0
  84.52    0    1   4    1    0    0  0, 1     97  49827  49617      0    143     98      0
  85.50    0    1   4    1    0    0  0, 1     98  49827  49618      0    144     99      0
  86.47    0    1   4    1    0    0  0, 1     99  49827  49619      0    145    100      0
  87.56    0    1   4    1    0    0  0, 1    100  49827  49620      0    146    101      0
  88.54    0    1   4    1    0    0  0, 1    101  49827  49621      0    147    102      0
  89.52    0    1   4    1    0    0  0, 1    102  49827  49622      0    148    103      0
  90.50    0    1   4    1    0    0  0, 1    103  49827  49623      0    149    104      0
  91.48    0    1   4    1    0    0  0, 1    104  49827  49624      0    150    105      0
  92.57    0    1   4    1    0    0  0, 1    105  49827  49625      0    151    106      0
  93.55    0    1   4    1    0    0  0, 1    106  49827  49626      0    152    107      0
  94.53    0    1   4    1    0    0  0, 1    107  49827  49627      0    153    108      0
  95.51    0    1   4    1    0    0  0, 1    108  49827  49628      0    154    109      0
  96.49    0    1   4    1    0    0  0, 1    109  49827  49629      0    155    110      0
  97.47    0    1   4    1    0    0  0, 1    110  49827  49630      0    156    111      0
  98.56    0    1   4    1    0    0  0, 1    111  49827  49631      0    157    112      0
  99.54    0    1   4    1    0    0  0, 1    112  49827  49632      0    158    113      0
  100.52    0    1   4    1    0    0  0, 1    113  49827  49633      0    159    114      0
  101.50    0    1   4    1    0    0  0, 1    114  49827  49634      0    160    115      0
  102.48    0    1   4    1    0    0  0, 1    115  49827  49635      0    161    116      0
  103.57    0    1   4    1    0    0  0, 1    116  49827  49636      0    162    117      0
  104.55    0    1   4    1    0    0  0, 1    117  49827  49637      0    163    118      0
  105.54    0    1   4    1    0    0  0, 1    118  49827  49638      0    164    119      0
  106.52    0    1   4    1    0    0  0, 1    119  49827  49639      0    165    120      0
  107.50    0    1   4    1    0    0  0, 1    120  49827  49640      0    166    121      0
  108.58    0    1   4    1    0    0  0, 1    121  49827  49641      0    167    122      0
  109.56    0    1   4    1    0    0  0, 1    122  49827  49642      0    168    123      0
  110.54    0    1   4    1    0    0  0, 1    123  49827  49643      0    169    124      0
  111.52    0    1   4    1    0    0  0, 1    124  49827  49644      0    170    125      0
  112.50    0    1   4    1    0    0  0, 1    125  49827  49645      0    171    126      0
  113.59    0    1   4    1    0    0  0, 1    126  49827  49646      0    172    127      0
  114.57    0    1   4    1    0    0  0, 1    127  49827  49647      0    173    128      0
  115.55    0    1   4    1    0    0  0, 1    128  49827  49648      0    174    129      0
  116.53    0    1   4    1    0    0  0, 1    129  49827  49649      0    175    130      0
  117.51    0    1   4    1    0    0  0, 1    130  49827  49650      0    176    131      0
  118.50    0    1   4    1    0    0  0, 1    131  49827  49651      0    177    132      0
  119.58    0    1   4    1    0    0  0, 1    132  49827  49652      0    178    133      0
  120.56    0    1   4    1    0    0  0, 1    133  49827  49653      0    179    134      0
  121.54    0    1   4    1    0    0  0, 1    134  49827  49654      0    180    135      0
  122.52    0    1   4    1    0    0  0, 1    135  49827  49655      0    181    136      0
  123.50    0    1   4    1    0    0  0, 1    136  49827  49656      0    182    137      0
  124.60    0    1   4    1    0    0  0, 1    137  49827  49657      0    183    138      0
  125.58    0    1   4    1    0    0  0, 1    138  49827  49658      0    184    139      0
  126.57    0    1   4    1    0    0  0, 1    139  49827  49659      0    185    140      0
  127.56    0    1   4    1    0    0  0, 1    140  49827  49660      0    186    141      0
  128.54    0    1   4    1    0    0  0, 1    141  49827  49661      0    187    142      0
  129.53    0    1   4    1    0    0  0, 1    142  49827  49662      0    188    143      0
  130.51    0    1   4    1    0    0  0, 1    143  49827  49663      0    189    144      0
  131.59    0    1   4    1    0    0  0, 1    144  49827  49664      0    190    145      0
  132.57    0    1   4    1    0    0  0, 1    145  49827  49665      0    191    146      0
  133.55    0    1   4    1    0    0  0, 1    146  49827  49666      0    192    147      0
  134.53    0    1   4    1    0    0  0, 1    147  49827  49667      0    193    148      0
  135.51    0    1   4    1    0    0  0, 1    148  49827  49668      0    194    149      0
  136.61    0    1   4    1    0    0  0, 1    149  49827  49669      0    195    150      0
  137.59    0    1   4    1    0    0  0, 1    150  49827  49670      0    196    151      0
  138.57    0    1   4    1    0    0  0, 1    151  49827  49671      0    197    152      0
  139.56    0    1   4    1    0    0  0, 1    152  49827  49672      0    198    153      0
  140.54    0    1   4    1    0    0  0, 1    153  49827  49673      0    199    154      0
  141.52    0    1   4    1    0    0  0, 1    154  49827  49674      0    200    155      0
  142.50    0    1   4    1    0    0  0, 1    155  49827  49675      0    201    156      0
  143.60    0    1   4    1    0    0  0, 1    156  49827  49676      0    202    157      0
  144.58    0    1   4    1    0    0  0, 1    157  49827  49677      0    203    158      0
  145.56    0    1   4    1    0    0  0, 1    158  49827  49678      0    204    159      0
  146.54    0    1   4    1    0    0  0, 1    159  49827  49679      0    205    160      0
  147.53    0    1   4    1    0    0  0, 1    160  49827  49680      0    206    161      0
  148.51    0    1   4    1    0    0  0, 1    161  49827  49681      0    207    162      0
  149.60    0    1   4    1    0    0  0, 1    162  49827  49682      0    208    163      0
  150.58    0    1   4    1    0    0  0, 1    163  49827  49683      0    209    164      0
  151.56    0    1   4    1    0    0  0, 1    164  49827  49684      0    210    165      0
  152.53    0    1   4    1    0    0  0, 1    165  49827  49685      0    211    166      0
  153.52    0    1   4    1    0    0  0, 1    166  49827  49686      0    212    167      0
  154.61    0    1   4    1    0    0  0, 1    167  49827  49687      0    213    168      0
  155.59    0    1   4    1    0    0  0, 1    168  49827  49688      0    214    169      0
  156.57    0    1   4    1    0    0  0, 1    169  49827  49689      0    215    170      0
  157.55    0    1   4    1    0    0  0, 1    170  49827  49690      0    216    171      0
  158.53    0    1   4    1    0    0  0, 1    171  49827  49691      0    217    172      0
  159.62    0    1   4    1    0    0  0, 1    172  49827  49692      0    218    173      0
  160.60    0    1   4    1    0    0  0, 1    173  49827  49693      0    219    174      0
  161.58    0    1   4    1    0    0  0, 1    174  49827  49694      0    220    175      0
  162.56    0    1   4    1    0    0  0, 1    175  49827  49695      0    221    176      0
  163.54    0    1   4    1    0    0  0, 1    176  49827  49696      0    222    177      0
  164.62    0    1   4    1    0    0  0, 1    177  49827  49697      0    223    178      0
  165.60    0    1   4    1    0    0  0, 1    178  49827  49698      0    224    179      0
  166.58    0    1   4    1    0    0  0, 1    179  49827  49699      0    225    180      0
  167.56    0    1   4    1    0    0  0, 1    180  49827  49700      0    226    181      0
  168.54    0    1   4    1    0    0  0, 1    181  49827  49701      0    227    182      0
  169.52    0    1   4    1    0    0  0, 1    182  49827  49702      0    228    183      0
  170.61    0    1   4    1    0    0  0, 1    183  49827  49703      0    229    184      0
  171.59    0    1   4    1    0    0  0, 1    184  49827  49704      0    230    185      0
  172.56    0    1   4    1    0    0  0, 1    185  49827  49705      0    231    186      0
  173.54    0    1   4    1    0    0  0, 1    186  49827  49706      0    232    187      0
  174.63    0    1   4    1    0    0  0, 1    187  49827  49707      0    233    188      0
  175.61    0    1   4    1    0    0  0, 1    188  49827  49708      0    234    189      0
  176.59    0    1   4    1    0    0  0, 1    189  49827  49709      0    235    190      0
  177.57    0    1   4    1    0    0  0, 1    190  49827  49710      0    236    191      0
  178.55    0    1   4    1    0    0  0, 1    191  49827  49711      0    237    192      0
  179.53    0    1   4    1    0    0  0, 1    192  49827  49712      0    238    193      0
  180.62    0    1   4    1    0    0  0, 1    193  49827  49713      0    239    194      0
  181.60    0    1   4    1    0    0  0, 1    194  49827  49714      0    240    195      0
  182.58    0    1   4    1    0    0  0, 1    195  49827  49715      0    241    196      0
  183.56    0    1   4    1    0    0  0, 1    196  49827  49716      0    242    197      0
  184.54    0    1   4    1    0    0  0, 1    197  49827  49717      0    243    198      0
  185.63    0    1   4    1    0    0  0, 1    198  49827  49718      0    244    199      0
  186.61    0    1   4    1    0    0  0, 1    199  49827  49719      0    245    200      0
  187.59    0    1   4    1    0    0  0, 1    200  49827  49720      0    246    201      0
  188.58    0    1   4    1    0    0  0, 1    201  49827  49721      0    247    202      0
  189.56    0    1   4    1    0    0  0, 1    202  49827  49722      0    248    203      0
  190.54    0    1   4    1    0    0  0, 1    203  49827  49723      0    249    204      0
  191.53    0    1   4    1    0    0  0, 1    203  49827  49723      0    249    205      0
  191.64    0    1   4    1    0    0  0, 1    204  49827  49724      0    250    205      0
  192.64    0    1   4    1    0    0  0, 1    205  49827  49725      0    251    206      0
  193.62    0    1   4    1    0    0  0, 1    206  49827  49726      0    252    207      0
  194.60    0    1   4    1    0    0  0, 1    207  49827  49727      0    253    208      0
  195.59    0    1   4    1    0    0  0, 1    208  49827  49728      0    254    209      0
  196.58    0    1   4    1    0    0  0, 1    209  49827  49729      0    255    210      0
  197.57    0    1   4    1    0    0  0, 1    210  49827  49730      0    256    211      0
  198.55    0    1   4    1    0    0  0, 1    211  49827  49731      0    257    212      0
  199.64    0    1   4    1    0    0  0, 1    212  49827  49732      0    258    213      0
  200.62    0    1   4    1    0    0  0, 1    213  49827  49733      0    259    214      0
  201.61    0    1   4    1    0    0  0, 1    214  49827  49734      0    260    215      0
  202.59    0    1   4    1    0    0  0, 1    215  49827  49735      0    261    216      0
  203.57    0    1   4    1    0    0  0, 1    216  49827  49736      0    262    217      0
  204.56    0    1   4    1    0    0  0, 1    217  49827  49737      0    263    218      0
  205.54    0    1   4    1    0    0  0, 1    217  49827  49737      0    264    219      0
  205.65    0    1   4    1    0    0  0, 1    218  49827  49738      0    264    219      0
  206.63    0    1   4    1    0    0  0, 1    219  49827  49739      0    265    220      0
  207.60    0    1   4    1    0    0  0, 1    220  49827  49740      0    266    221      0
  208.58    0    1   4    1    0    0  0, 1    221  49827  49741      0    267    222      0
  209.56    0    1   4    1    0    0  0, 1    222  49827  49742      0    268    223      0
  210.64    0    1   4    1    0    0  0, 1    223  49827  49743      0    269    224      0
  211.62    0    1   4    1    0    0  0, 1    224  49827  49744      0    270    225      0
  212.60    0    1   4    1    0    0  0, 1    225  49827  49745      0    271    226      0
  213.57    0    1   4    1    0    0  0, 1    226  49827  49746      0    272    227      0
  214.54    0    1   4    1    0    0  0, 1    227  49827  49747      0    273    228      0
  215.63    0    1   4    1    0    0  0, 1    228  49827  49748      0    274    229      0
  216.60    0    1   4    1    0    0  0, 1    229  49827  49749      0    275    230      0
  217.58    0    1   4    1    0    0  0, 1    230  49827  49750      0    276    231      0
  218.56    0    1   4    1    0    0  0, 1    231  49827  49751      0    277    232      0
  219.65    0    1   4    1    0    0  0, 1    232  49827  49752      0    278    233      0
  220.63    0    1   4    1    0    0  0, 1    233  49827  49753      0    279    234      0
  221.61    0    1   4    1    0    0  0, 1    234  49827  49754      0    280    235      0
  222.60    0    1   4    1    0    0  0, 1    235  49827  49755      0    281    236      0
  223.57    0    1   4    1    0    0  0, 1    236  49827  49756      0    282    237      0
  224.56    0    1   4    1    0    0  0, 1    237  49827  49757      0    283    238      0
  225.65    0    1   4    1    0    0  0, 1    238  49827  49758      0    284    239      0
  226.63    0    1   4    1    0    0  0, 1    239  49827  49759      0    285    240      0
  227.61    0    1   4    1    0    0  0, 1    240  49827  49760      0    286    241      0
  228.60    0    1   4    1    0    0  0, 1    241  49827  49761      0    287    242      0
  229.57    0    1   4    1    0    0  0, 1    242  49827  49762      0    288    243      0
  230.55    0    1   4    1    0    0  0, 1    243  49827  49763      0    289    244      0
  231.64    0    1   4    1    0    0  0, 1    244  49827  49764      0    290    245      0
  232.62    0    1   4    1    0    0  0, 1    245  49827  49765      0    291    246      0
  233.60    0    1   4    1    0    0  0, 1    246  49827  49766      0    292    247      0
  234.58    0    1   4    1    0    0  0, 1    247  49827  49767      0    293    248      0
  235.56    0    1   4    1    0    0  0, 1    248  49827  49768      0    294    249      0
  236.65    0    1   4    1    0    0  0, 1    249  49827  49769      0    295    250      0
  237.63    0    1   4    1    0    0  0, 1    250  49827  49770      0    296    251      0
  238.62    0    1   4    1    0    0  0, 1    251  49827  49771      0    297    252      0
  239.60    0    1   4    1    0    0  0, 1    252  49827  49772      0    298    253      0
  240.58    0    1   4    1    0    0  0, 1    253  49827  49773      0    299    254      0
  241.56    0    1   4    1    0    0  0, 1    254  49827  49774      0    300    255      0
  242.64    0    1   4    1    0    0  0, 1    255  49827  49775      0    301    256      0
  243.62    0    1   4    1    0    0  0, 1    256  49827  49776      0    302    257      0
  244.60    0    1   4    1    0    0  0, 1    257  49827  49777      0    303    258      0
  245.58    0    1   4    1    0    0  0, 1    258  49827  49778      0    304    259      0
  246.56    0    1   4    1    0    0  0, 1    259  49827  49779      0    305    260      0
  247.65    0    1   4    1    0    0  0, 1    260  49827  49780      0    306    261      0
  248.64    0    1   4    1    0    0  0, 1    261  49827  49781      0    307    262      0
  249.62    0    1   4    1    0    0  0, 1    262  49827  49782      0    308    263      0
  250.60    0    1   4    1    0    0  0, 1    263  49827  49783      0    309    264      0
  251.58    0    1   4    1    0    0  0, 1    264  49827  49784      0    310    265      0
  252.56    0    1   4    1    0    0  0, 1    265  49827  49785      0    311    266      0
  253.65    0    1   4    1    0    0  0, 1    266  49827  49786      0    312    267      0
  254.63    0    1   4    1    0    0  0, 1    267  49827  49787      0    313    268      0
  255.61    0    1   4    1    0    0  0, 1    268  49827  49788      0    314    269      0
  256.59    0    1   4    1    0    0  0, 1    269  49827  49789      0    315    270      0
  257.57    0    1   4    1    0    0  0, 1    270  49827  49790      0    316    271      0
  258.67    0    1   4    1    0    0  0, 1    271  49827  49791      0    317    272      0
  259.64    0    1   4    1    0    0  0, 1    272  49827  49792      0    318    273      0
  260.63    0    1   4    1    0    0  0, 1    273  49827  49793      0    319    274      0
  261.61    0    1   4    1    0    0  0, 1    274  49827  49794      0    320    275      0
  262.59    0    1   4    1    0    0  0, 1    275  49827  49795      0    321    276      0
  263.56    0    1   4    1    0    0  0, 1    276  49827  49796      0    322    277      0
  264.65    0    1   4    1    0    0  0, 1    277  49827  49797      0    323    278      0
  265.63    0    1   4    1    0    0  0, 1    278  49827  49798      0    324    279      0
  266.61    0    1   4    1    0    0  0, 1    279  49827  49799      0    325    280      0
  267.59    0    1   4    1    0    0  0, 1    280  49827  49800      0    326    281      0
  268.57    0    1   4    1    0    0  0, 1    281  49827  49801      0    327    282      0
  269.66    0    1   4    1    0    0  0, 1    282  49827  49802      0    328    283      0
  270.64    0    1   4    1    0    0  0, 1    283  49827  49803      0    329    284      0
  271.62    0    1   4    1    0    0  0, 1    284  49827  49804      0    330    285      0
  272.60    0    1   4    1    0    0  0, 1    285  49827  49805      0    331    286      0
  273.57    0    1   4    1    0    0  0, 1    286  49827  49806      0    332    287      0
  274.65    0    1   4    1    0    0  0, 1    287  49827  49807      0    333    288      0
  275.63    0    1   4    1    0    0  0, 1    288  49827  49808      0    334    289      0
  276.61    0    1   4    1    0    0  0, 1    289  49827  49809      0    335    290      0
  277.59    0    1   4    1    0    0  0, 1    290  49827  49810      0    336    291      0
  278.57    0    1   4    1    0    0  0, 1    291  49827  49811      0    337    292      0
  279.66    0    1   4    1    0    0  0, 1    292  49827  49812      0    338    293      0
  280.64    0    1   4    1    0    0  0, 1    293  49827  49813      0    339    294      0
  281.62    0    1   4    1    0    0  0, 1    294  49827  49814      0    340    295      0
  282.60    0    1   4    1    0    0  0, 1    295  49827  49815      0    341    296      0
  283.58    0    1   4    1    0    0  0, 1    296  49827  49816      0    342    297      0
  284.67    0    1   4    1    0    0  0, 1    297  49827  49817      0    343    298      0
  285.65    0    1   4    1    0    0  0, 1    298  49827  49818      0    344    299      0
  286.63    0    1   4    1    0    0  0, 1    299  49827  49819      0    345    300      0
  287.61    0    1   4    1    0    0  0, 1    300  49827  49820      0    346    301      0
  288.58    0    1   4    1    0    0  0, 1    301  49827  49821      0    347    302      0
  289.67    0    1   4    1    0    0  0, 1    302  49827  49822      0    348    303      0
  290.65    0    1   4    1    0    0  0, 1    303  49827  49823      0    349    304      0
  291.63    0    1   4    1    0    0  0, 1    304  49827  49824      0    350    305      0
  292.61    0    1   4    1    0    0  0, 1    305  49827  49825      0    351    306      0
  293.59    0    1   4    1    0    0  0, 1    306  49827  49826      0    352    307      0
  294.68    0    1   4    1    0    0  0, 1    307  49827  49827      0    353    308      0
  295.66    0    1   4    1    0    0  0, 1    308  49827  49828      0    354    309      0
  296.65    0    1   4    1    0    0  0, 1    309  49827  49829      0    355    310      0
  297.63    0    1   4    1    0    0  0, 1    310  49827  49830      0    356    311      0
  298.61    0    1   4    1    0    0  0, 1    311  49827  49831      0    357    312      0
  299.59    0    1   4    1    0    0  0, 1    312  49827  49832      0    358    313      0

共 305 次状态变化 / 300 秒
结束 state=RUNNING
