=== 330 化霜/辅热 探针 ===
版本 Parameter[0..5] = [0, 1, 0, 0, 0, 0]

--- 加热配置 ---
  再热是否启用[127]=1  制热方式[128]=1 (热泵制热)  共用[129]=1
  再热/辅热方式[332]=1 (AO)  预热输出方式[333]=4
  化霜阀开度 [21](派生)=200   [372](HMI真配)=350

--- 化霜排他性 ---
  **PSC316DefrostOwner = 2**   (0=无人在化霜；单字节 -> 天然唯一)
  外机1: CompStatus=['制热', '制热']  CanDefrost=[0, 0]  DefrostSignal=[0, 0]
  外机2: CompStatus=['停', '停']  CanDefrost=[1, 0]  DefrostSignal=[1, 1]  <== owner
  外机3: CompStatus=['停', '停']  CanDefrost=[0, 0]  DefrostSignal=[0, 0]
  外机4: CompStatus=['停', '停']  CanDefrost=[0, 0]  DefrostSignal=[0, 0]
  外机5: CompStatus=['停', '停']  CanDefrost=[0, 0]  DefrostSignal=[0, 0]
  外机6: CompStatus=['停', '停']  CanDefrost=[0, 0]  DefrostSignal=[0, 0]

--- 辅热 ---
  output[0..2] = [0, 256, 1]  (Heat1Y00/Heat2Y01/Heat3Y02)
  IndoorHeatAnalogDemand = 0   IndoorHeatAnalogMode = 1 (AO)
  ReheatPidStateDisp[942] = 1

=== 10Hz 采样（只记变化）===
  t | Owner | 外机1 CS/CD/DS | 外机2 CS/CD/DS | 外机3 CS/CD/DS | HeatY00/01/02 | AODemand Mode | PIDstate
     0      2  [3, 3]/[0, 0]/[0, 0]  [0, 0]/[1, 0]/[1, 1]  [0, 0]/[0, 0]/[0, 0]  [0, 0]/[0, 0]/[0, 0]  0/256/1      0 1  1
     3      2  [3, 3]/[0, 0]/[0, 0]  [0, 0]/[1, 0]/[1, 1]  [0, 0]/[0, 0]/[0, 0]  [0, 0]/[0, 0]/[0, 0]  0/256/1      0 1  1
     6      2  [3, 3]/[0, 0]/[0, 0]  [0, 0]/[1, 0]/[1, 1]  [0, 0]/[0, 0]/[0, 0]  [0, 0]/[0, 0]/[0, 0]  0/256/1      0 1  1
     9      2  [3, 3]/[0, 0]/[0, 0]  [0, 0]/[1, 0]/[1, 1]  [0, 0]/[0, 0]/[0, 0]  [0, 0]/[0, 0]/[0, 0]  0/256/1      0 1  1
    12      2  [3, 3]/[0, 0]/[0, 0]  [0, 0]/[1, 0]/[1, 1]  [0, 0]/[0, 0]/[0, 0]  [0, 0]/[0, 0]/[0, 0]  0/256/1      0 1  1
    15      2  [3, 3]/[0, 0]/[0, 0]  [0, 0]/[1, 0]/[1, 1]  [0, 0]/[0, 0]/[0, 0]  [0, 0]/[0, 0]/[0, 0]  0/256/1      0 1  1
    18      2  [3, 3]/[0, 0]/[0, 0]  [0, 0]/[1, 0]/[1, 1]  [0, 0]/[0, 0]/[0, 0]  [0, 0]/[0, 0]/[0, 0]  0/256/1      0 1  1
    22      2  [3, 3]/[0, 0]/[0, 0]  [0, 0]/[1, 0]/[1, 1]  [0, 0]/[0, 0]/[0, 0]  [0, 0]/[0, 0]/[0, 0]  0/256/1      0 1  1
    25      2  [3, 3]/[0, 0]/[0, 0]  [0, 0]/[1, 0]/[1, 1]  [0, 0]/[0, 0]/[0, 0]  [0, 0]/[0, 0]/[0, 0]  0/256/1      0 1  1
    28      2  [3, 3]/[0, 0]/[0, 0]  [0, 0]/[1, 0]/[1, 1]  [0, 0]/[0, 0]/[0, 0]  [0, 0]/[0, 0]/[0, 0]  0/256/1      0 1  1
    31      2  [3, 3]/[0, 0]/[0, 0]  [0, 0]/[1, 0]/[1, 1]  [0, 0]/[0, 0]/[0, 0]  [0, 0]/[0, 0]/[0, 0]  0/256/1      0 1  1
    34      2  [3, 3]/[0, 0]/[0, 0]  [0, 0]/[1, 0]/[1, 1]  [0, 0]/[0, 0]/[0, 0]  [0, 0]/[0, 0]/[0, 0]  0/256/1      0 1  1
    37      2  [3, 3]/[0, 0]/[0, 0]  [0, 0]/[1, 0]/[1, 1]  [0, 0]/[0, 0]/[0, 0]  [0, 0]/[0, 0]/[0, 0]  0/256/1      0 1  1
    40      2  [3, 3]/[0, 0]/[0, 0]  [0, 0]/[1, 0]/[1, 1]  [0, 0]/[0, 0]/[0, 0]  [0, 0]/[0, 0]/[0, 0]  0/256/1      0 1  1
    43      2  [3, 3]/[0, 0]/[0, 0]  [0, 0]/[1, 0]/[1, 1]  [0, 0]/[0, 0]/[0, 0]  [0, 0]/[0, 0]/[0, 0]  0/256/1      0 1  1
    46      2  [3, 3]/[0, 0]/[0, 0]  [0, 0]/[1, 0]/[1, 1]  [0, 0]/[0, 0]/[0, 0]  [0, 0]/[0, 0]/[0, 0]  0/256/1      0 1  1
    49      2  [3, 3]/[0, 0]/[0, 0]  [0, 0]/[1, 0]/[1, 1]  [0, 0]/[0, 0]/[0, 0]  [0, 0]/[0, 0]/[0, 0]  0/256/1      0 1  1
    53      2  [3, 3]/[0, 0]/[0, 0]  [0, 0]/[1, 0]/[1, 1]  [0, 0]/[0, 0]/[0, 0]  [0, 0]/[0, 0]/[0, 0]  0/256/1      0 1  1
    53      2  [3, 3]/[0, 0]/[0, 0]  [0, 0]/[0, 0]/[1, 1]  [0, 0]/[0, 0]/[0, 0]  [0, 0]/[0, 0]/[0, 0]  0/256/1      0 1  1
    53      0  [3, 3]/[0, 0]/[0, 0]  [0, 0]/[0, 0]/[0, 0]  [0, 0]/[0, 0]/[0, 0]  [0, 0]/[0, 0]/[0, 0]  0/256/1      0 1  1
    56      0  [3, 3]/[0, 0]/[0, 0]  [0, 0]/[0, 0]/[0, 0]  [0, 0]/[0, 0]/[0, 0]  [0, 0]/[0, 0]/[0, 0]  0/256/1      0 1  1
    59      0  [3, 3]/[0, 0]/[0, 0]  [0, 0]/[0, 0]/[0, 0]  [0, 0]/[0, 0]/[0, 0]  [0, 0]/[0, 0]/[0, 0]  0/256/1      0 1  1
    62      0  [3, 3]/[0, 0]/[0, 0]  [0, 0]/[0, 0]/[0, 0]  [0, 0]/[0, 0]/[0, 0]  [0, 0]/[0, 0]/[0, 0]  0/256/1      0 1  1
    65      0  [3, 3]/[0, 0]/[0, 0]  [0, 0]/[0, 0]/[0, 0]  [0, 0]/[0, 0]/[0, 0]  [0, 0]/[0, 0]/[0, 0]  0/256/1      0 1  1
    68      0  [3, 3]/[0, 0]/[0, 0]  [0, 0]/[0, 0]/[0, 0]  [0, 0]/[0, 0]/[0, 0]  [0, 0]/[0, 0]/[0, 0]  0/256/1      0 1  1
    71      0  [3, 3]/[0, 0]/[0, 0]  [0, 0]/[0, 0]/[0, 0]  [0, 0]/[0, 0]/[0, 0]  [0, 0]/[0, 0]/[0, 0]  0/256/1      0 1  1
    74      0  [3, 3]/[0, 0]/[0, 0]  [0, 0]/[0, 0]/[0, 0]  [0, 0]/[0, 0]/[0, 0]  [0, 0]/[0, 0]/[0, 0]  0/256/1      0 1  1
    77      0  [3, 3]/[0, 0]/[0, 0]  [0, 0]/[0, 0]/[0, 0]  [0, 0]/[0, 0]/[0, 0]  [0, 0]/[0, 0]/[0, 0]  0/256/1      0 1  1
    80      0  [3, 3]/[0, 0]/[0, 0]  [0, 0]/[0, 0]/[0, 0]  [0, 0]/[0, 0]/[0, 0]  [0, 0]/[0, 0]/[0, 0]  0/256/1      0 1  1
    83      0  [3, 3]/[0, 0]/[0, 0]  [0, 0]/[0, 0]/[0, 0]  [0, 0]/[0, 0]/[0, 0]  [0, 0]/[0, 0]/[0, 0]  0/256/1      0 1  1
    86      0  [3, 3]/[0, 0]/[0, 0]  [0, 0]/[0, 0]/[0, 0]  [0, 0]/[0, 0]/[0, 0]  [0, 0]/[0, 0]/[0, 0]  0/256/1      0 1  1
    89      0  [3, 3]/[0, 0]/[0, 0]  [0, 0]/[0, 0]/[0, 0]  [0, 0]/[0, 0]/[0, 0]  [0, 0]/[0, 0]/[0, 0]  0/256/1      0 1  1
    93      0  [3, 3]/[0, 0]/[0, 0]  [0, 0]/[0, 0]/[0, 0]  [0, 0]/[0, 0]/[0, 0]  [0, 0]/[0, 0]/[0, 0]  0/256/1      0 1  1
    96      0  [3, 3]/[0, 0]/[0, 0]  [0, 0]/[0, 0]/[0, 0]  [0, 0]/[0, 0]/[0, 0]  [0, 0]/[0, 0]/[0, 0]  0/256/1      0 1  1
    99      0  [3, 3]/[0, 0]/[0, 0]  [0, 0]/[0, 0]/[0, 0]  [0, 0]/[0, 0]/[0, 0]  [0, 0]/[0, 0]/[0, 0]  0/256/1      0 1  1
   102      0  [3, 3]/[0, 0]/[0, 0]  [0, 0]/[0, 0]/[0, 0]  [0, 0]/[0, 0]/[0, 0]  [0, 0]/[0, 0]/[0, 0]  0/256/1      0 1  1
   105      0  [3, 3]/[0, 0]/[0, 0]  [0, 0]/[0, 0]/[0, 0]  [0, 0]/[0, 0]/[0, 0]  [0, 0]/[0, 0]/[0, 0]  0/256/1      0 1  1
   108      0  [3, 3]/[0, 0]/[0, 0]  [0, 0]/[0, 0]/[0, 0]  [0, 0]/[0, 0]/[0, 0]  [0, 0]/[0, 0]/[0, 0]  0/256/1      0 1  1
   111      0  [3, 3]/[0, 0]/[0, 0]  [0, 0]/[0, 0]/[0, 0]  [0, 0]/[0, 0]/[0, 0]  [0, 0]/[0, 0]/[0, 0]  0/256/1      0 1  1
   114      0  [3, 3]/[0, 0]/[0, 0]  [0, 0]/[0, 0]/[0, 0]  [0, 0]/[0, 0]/[0, 0]  [0, 0]/[0, 0]/[0, 0]  0/256/1      0 1  1
   117      0  [3, 3]/[0, 0]/[0, 0]  [0, 0]/[0, 0]/[0, 0]  [0, 0]/[0, 0]/[0, 0]  [0, 0]/[0, 0]/[0, 0]  0/256/1      0 1  1
   120      0  [3, 3]/[0, 0]/[0, 0]  [0, 0]/[0, 0]/[0, 0]  [0, 0]/[0, 0]/[0, 0]  [0, 0]/[0, 0]/[0, 0]  0/256/1      0 1  1
   123      0  [3, 3]/[0, 0]/[0, 0]  [0, 0]/[0, 0]/[0, 0]  [0, 0]/[0, 0]/[0, 0]  [0, 0]/[0, 0]/[0, 0]  0/256/1      0 1  1
   126      0  [3, 3]/[0, 0]/[0, 0]  [0, 0]/[0, 0]/[0, 0]  [0, 0]/[0, 0]/[0, 0]  [0, 0]/[0, 0]/[0, 0]  0/256/1      0 1  1
   129      0  [3, 3]/[0, 0]/[0, 0]  [0, 0]/[0, 0]/[0, 0]  [0, 0]/[0, 0]/[0, 0]  [0, 0]/[0, 0]/[0, 0]  0/256/1      0 1  1
   132      0  [3, 3]/[0, 0]/[0, 0]  [0, 0]/[0, 0]/[0, 0]  [0, 0]/[0, 0]/[0, 0]  [0, 0]/[0, 0]/[0, 0]  0/256/1      0 1  1
   135      0  [3, 3]/[0, 0]/[0, 0]  [0, 0]/[0, 0]/[0, 0]  [0, 0]/[0, 0]/[0, 0]  [0, 0]/[0, 0]/[0, 0]  0/256/1      0 1  1
   138      0  [3, 3]/[0, 0]/[0, 0]  [0, 0]/[0, 0]/[0, 0]  [0, 0]/[0, 0]/[0, 0]  [0, 0]/[0, 0]/[0, 0]  0/256/1      0 1  1
   141      0  [3, 3]/[0, 0]/[0, 0]  [0, 0]/[0, 0]/[0, 0]  [0, 0]/[0, 0]/[0, 0]  [0, 0]/[0, 0]/[0, 0]  0/256/1      0 1  1
   144      0  [3, 3]/[0, 0]/[0, 0]  [0, 0]/[0, 0]/[0, 0]  [0, 0]/[0, 0]/[0, 0]  [0, 0]/[0, 0]/[0, 0]  0/256/1      0 1  1
   147      0  [3, 3]/[0, 0]/[0, 0]  [0, 0]/[0, 0]/[0, 0]  [0, 0]/[0, 0]/[0, 0]  [0, 0]/[0, 0]/[0, 0]  0/256/1      0 1  1
   150      0  [3, 3]/[0, 0]/[0, 0]  [0, 0]/[0, 0]/[0, 0]  [0, 0]/[0, 0]/[0, 0]  [0, 0]/[0, 0]/[0, 0]  0/256/1      0 1  1
   154      0  [3, 3]/[0, 0]/[0, 0]  [0, 0]/[0, 0]/[0, 0]  [0, 0]/[0, 0]/[0, 0]  [0, 0]/[0, 0]/[0, 0]  0/256/1      0 1  1
   157      0  [3, 3]/[0, 0]/[0, 0]  [0, 0]/[0, 0]/[0, 0]  [0, 0]/[0, 0]/[0, 0]  [0, 0]/[0, 0]/[0, 0]  0/256/1      0 1  1
   160      0  [3, 3]/[0, 0]/[0, 0]  [0, 0]/[0, 0]/[0, 0]  [0, 0]/[0, 0]/[0, 0]  [0, 0]/[0, 0]/[0, 0]  0/256/1      0 1  1
   163      0  [3, 3]/[0, 0]/[0, 0]  [0, 0]/[0, 0]/[0, 0]  [0, 0]/[0, 0]/[0, 0]  [0, 0]/[0, 0]/[0, 0]  0/256/1      0 1  1
   166      0  [3, 3]/[0, 0]/[0, 0]  [0, 0]/[0, 0]/[0, 0]  [0, 0]/[0, 0]/[0, 0]  [0, 0]/[0, 0]/[0, 0]  0/256/1      0 1  1
   169      0  [3, 3]/[0, 0]/[0, 0]  [0, 0]/[0, 0]/[0, 0]  [0, 0]/[0, 0]/[0, 0]  [0, 0]/[0, 0]/[0, 0]  0/256/1      0 1  1
   172      0  [3, 3]/[0, 0]/[0, 0]  [0, 0]/[0, 0]/[0, 0]  [0, 0]/[0, 0]/[0, 0]  [0, 0]/[0, 0]/[0, 0]  0/256/1      0 1  1
   175      0  [3, 3]/[0, 0]/[0, 0]  [0, 0]/[0, 0]/[0, 0]  [0, 0]/[0, 0]/[0, 0]  [0, 0]/[0, 0]/[0, 0]  0/256/1      0 1  1
   178      0  [3, 3]/[0, 0]/[0, 0]  [0, 0]/[0, 0]/[0, 0]  [0, 0]/[0, 0]/[0, 0]  [0, 0]/[0, 0]/[0, 0]  0/256/1      0 1  1
   181      0  [3, 3]/[0, 0]/[0, 0]  [0, 0]/[0, 0]/[0, 0]  [0, 0]/[0, 0]/[0, 0]  [0, 0]/[0, 0]/[0, 0]  0/256/1      0 1  1
   184      0  [3, 3]/[0, 0]/[0, 0]  [0, 0]/[0, 0]/[0, 0]  [0, 0]/[0, 0]/[0, 0]  [0, 0]/[0, 0]/[0, 0]  0/256/1      0 1  1
   187      0  [3, 3]/[0, 0]/[0, 0]  [0, 0]/[0, 0]/[0, 0]  [0, 0]/[0, 0]/[0, 0]  [0, 0]/[0, 0]/[0, 0]  0/256/1      0 1  1
   190      0  [3, 3]/[0, 0]/[0, 0]  [0, 0]/[0, 0]/[0, 0]  [0, 0]/[0, 0]/[0, 0]  [0, 0]/[0, 0]/[0, 0]  0/256/1      0 1  1
   193      0  [3, 3]/[0, 0]/[0, 0]  [0, 0]/[0, 0]/[0, 0]  [0, 0]/[0, 0]/[0, 0]  [0, 0]/[0, 0]/[0, 0]  0/256/1      0 1  1
   196      0  [3, 3]/[0, 0]/[0, 0]  [0, 0]/[0, 0]/[0, 0]  [0, 0]/[0, 0]/[0, 0]  [0, 0]/[0, 0]/[0, 0]  0/256/1      0 1  1
   199      0  [3, 3]/[0, 0]/[0, 0]  [0, 0]/[0, 0]/[0, 0]  [0, 0]/[0, 0]/[0, 0]  [0, 0]/[0, 0]/[0, 0]  0/256/1      0 1  1
   202      0  [3, 3]/[0, 0]/[0, 0]  [0, 0]/[0, 0]/[0, 0]  [0, 0]/[0, 0]/[0, 0]  [0, 0]/[0, 0]/[0, 0]  0/256/1      0 1  1
   204      0  [3, 3]/[0, 0]/[0, 0]  [3, 0]/[0, 0]/[0, 0]  [0, 0]/[0, 0]/[0, 0]  [0, 0]/[0, 0]/[0, 0]  0/256/1      0 1  1
   205      0  [3, 3]/[0, 0]/[0, 0]  [3, 0]/[0, 0]/[0, 0]  [0, 0]/[0, 0]/[0, 0]  [0, 0]/[0, 0]/[0, 0]  0/256/1      0 1  1
   208      0  [3, 3]/[0, 0]/[0, 0]  [3, 0]/[0, 0]/[0, 0]  [0, 0]/[0, 0]/[0, 0]  [0, 0]/[0, 0]/[0, 0]  0/256/1      0 1  1
   211      0  [3, 3]/[0, 0]/[0, 0]  [3, 0]/[0, 0]/[0, 0]  [0, 0]/[0, 0]/[0, 0]  [0, 0]/[0, 0]/[0, 0]  0/256/1      0 1  1
   214      0  [3, 3]/[0, 0]/[0, 0]  [3, 0]/[0, 0]/[0, 0]  [0, 0]/[0, 0]/[0, 0]  [0, 0]/[0, 0]/[0, 0]  0/256/1      0 1  1
   217      0  [3, 3]/[0, 0]/[0, 0]  [3, 0]/[0, 0]/[0, 0]  [0, 0]/[0, 0]/[0, 0]  [0, 0]/[0, 0]/[0, 0]  0/256/1      0 1  1
   220      0  [3, 3]/[0, 0]/[0, 0]  [3, 0]/[0, 0]/[0, 0]  [0, 0]/[0, 0]/[0, 0]  [0, 0]/[0, 0]/[0, 0]  0/256/1      0 1  1
   223      0  [3, 3]/[0, 0]/[0, 0]  [3, 0]/[0, 0]/[0, 0]  [0, 0]/[0, 0]/[0, 0]  [0, 0]/[0, 0]/[0, 0]  0/256/1      0 1  1
   226      0  [3, 3]/[0, 0]/[0, 0]  [3, 0]/[0, 0]/[0, 0]  [0, 0]/[0, 0]/[0, 0]  [0, 0]/[0, 0]/[0, 0]  0/256/1      0 1  1
   228      0  [3, 3]/[0, 0]/[0, 0]  [3, 0]/[0, 0]/[0, 0]  [0, 0]/[0, 0]/[0, 0]  [0, 0]/[0, 0]/[0, 0]  0/256/1      0 1  2
   228      0  [3, 3]/[0, 0]/[0, 0]  [3, 3]/[0, 0]/[0, 0]  [0, 0]/[0, 0]/[0, 0]  [0, 0]/[0, 0]/[0, 0]  0/256/1      0 1  2
   230      0  [3, 3]/[0, 0]/[0, 0]  [3, 3]/[0, 0]/[0, 0]  [0, 0]/[0, 0]/[0, 0]  [0, 0]/[0, 0]/[0, 0]  0/256/1      0 1  2
   233      0  [3, 3]/[0, 0]/[0, 0]  [3, 3]/[0, 0]/[0, 0]  [0, 0]/[0, 0]/[0, 0]  [0, 0]/[0, 0]/[0, 0]  0/256/1      0 1  2
   236      0  [3, 3]/[0, 0]/[0, 0]  [3, 3]/[0, 0]/[0, 0]  [0, 0]/[0, 0]/[0, 0]  [0, 0]/[0, 0]/[0, 0]  0/256/1      0 1  2
   238      0  [3, 3]/[0, 0]/[0, 0]  [3, 3]/[0, 0]/[0, 0]  [0, 0]/[0, 0]/[0, 0]  [0, 0]/[0, 0]/[0, 0]  0/256/1      0 1  3
   239      0  [3, 3]/[0, 0]/[0, 0]  [3, 3]/[0, 0]/[0, 0]  [0, 0]/[0, 0]/[0, 0]  [0, 0]/[0, 0]/[0, 0]  0/256/1      0 1  3
   242      0  [3, 3]/[0, 0]/[0, 0]  [3, 3]/[0, 0]/[0, 0]  [0, 0]/[0, 0]/[0, 0]  [0, 0]/[0, 0]/[0, 0]  0/256/1      0 1  3
   243      0  [3, 3]/[0, 0]/[0, 0]  [3, 3]/[0, 0]/[0, 0]  [0, 0]/[0, 0]/[0, 0]  [0, 0]/[0, 0]/[0, 0]  0/256/1     12 1  3
   245      0  [3, 3]/[0, 0]/[0, 0]  [3, 3]/[0, 0]/[0, 0]  [0, 0]/[0, 0]/[0, 0]  [0, 0]/[0, 0]/[0, 0]  0/256/1     12 1  3
   248      0  [3, 3]/[0, 0]/[0, 0]  [3, 3]/[0, 0]/[0, 0]  [0, 0]/[0, 0]/[0, 0]  [0, 0]/[0, 0]/[0, 0]  0/256/1     24 1  3
   248      0  [3, 3]/[0, 0]/[0, 0]  [3, 3]/[0, 0]/[0, 0]  [0, 0]/[0, 0]/[0, 0]  [0, 0]/[0, 0]/[0, 0]  0/256/1     24 1  3
   251      0  [3, 3]/[0, 0]/[0, 0]  [3, 3]/[0, 0]/[0, 0]  [0, 0]/[0, 0]/[0, 0]  [0, 0]/[0, 0]/[0, 0]  0/256/1     24 1  3
   253      0  [3, 3]/[0, 0]/[0, 0]  [3, 3]/[0, 0]/[0, 0]  [0, 0]/[0, 0]/[0, 0]  [0, 0]/[0, 0]/[0, 0]  0/256/1     36 1  3
   254      0  [3, 3]/[0, 0]/[0, 0]  [3, 3]/[0, 0]/[0, 0]  [0, 0]/[0, 0]/[0, 0]  [0, 0]/[0, 0]/[0, 0]  0/256/1     36 1  3
   257      0  [3, 3]/[0, 0]/[0, 0]  [3, 3]/[0, 0]/[0, 0]  [0, 0]/[0, 0]/[0, 0]  [0, 0]/[0, 0]/[0, 0]  0/256/1     36 1  3
   258      0  [3, 3]/[0, 0]/[0, 0]  [3, 3]/[0, 0]/[0, 0]  [0, 0]/[0, 0]/[0, 0]  [0, 0]/[0, 0]/[0, 0]  0/256/1     49 1  3
   260      0  [3, 3]/[0, 0]/[0, 0]  [3, 3]/[0, 0]/[0, 0]  [0, 0]/[0, 0]/[0, 0]  [0, 0]/[0, 0]/[0, 0]  0/256/1     49 1  3
   263      0  [3, 3]/[0, 0]/[0, 0]  [3, 3]/[0, 0]/[0, 0]  [0, 0]/[0, 0]/[0, 0]  [0, 0]/[0, 0]/[0, 0]  0/256/1     61 1  3
   263      0  [3, 3]/[0, 0]/[0, 0]  [3, 3]/[0, 0]/[0, 0]  [0, 0]/[0, 0]/[0, 0]  [0, 0]/[0, 0]/[0, 0]  0/256/1     61 1  3
   266      0  [3, 3]/[0, 0]/[0, 0]  [3, 3]/[0, 0]/[0, 0]  [0, 0]/[0, 0]/[0, 0]  [0, 0]/[0, 0]/[0, 0]  0/256/1     61 1  3
   268      0  [3, 3]/[0, 0]/[0, 0]  [3, 3]/[0, 0]/[0, 0]  [0, 0]/[0, 0]/[0, 0]  [0, 0]/[0, 0]/[0, 0]  0/256/1     73 1  3
   269      0  [3, 3]/[0, 0]/[0, 0]  [3, 3]/[0, 0]/[0, 0]  [0, 0]/[0, 0]/[0, 0]  [0, 0]/[0, 0]/[0, 0]  0/256/1     73 1  3
   272      0  [3, 3]/[0, 0]/[0, 0]  [3, 3]/[0, 0]/[0, 0]  [0, 0]/[0, 0]/[0, 0]  [0, 0]/[0, 0]/[0, 0]  0/256/1     73 1  3
   273      0  [3, 3]/[0, 0]/[0, 0]  [3, 3]/[0, 0]/[0, 0]  [0, 0]/[0, 0]/[0, 0]  [0, 0]/[0, 0]/[0, 0]  0/256/1     85 1  3
   275      0  [3, 3]/[0, 0]/[0, 0]  [3, 3]/[0, 0]/[0, 0]  [0, 0]/[0, 0]/[0, 0]  [0, 0]/[0, 0]/[0, 0]  0/256/1     85 1  3
   278      0  [3, 3]/[0, 0]/[0, 0]  [3, 3]/[0, 0]/[0, 0]  [0, 0]/[0, 0]/[0, 0]  [0, 0]/[0, 0]/[0, 0]  0/256/1     98 1  3
   278      0  [3, 3]/[0, 0]/[0, 0]  [3, 3]/[0, 0]/[0, 0]  [0, 0]/[0, 0]/[0, 0]  [0, 0]/[0, 0]/[0, 0]  0/256/1     98 1  3
   281      0  [3, 3]/[0, 0]/[0, 0]  [3, 3]/[0, 0]/[0, 0]  [0, 0]/[0, 0]/[0, 0]  [0, 0]/[0, 0]/[0, 0]  0/256/1     98 1  3
   283      0  [3, 3]/[0, 0]/[0, 0]  [3, 3]/[0, 0]/[0, 0]  [0, 0]/[0, 0]/[0, 0]  [0, 0]/[0, 0]/[0, 0]  0/256/1    110 1  3
   284      0  [3, 3]/[0, 0]/[0, 0]  [3, 3]/[0, 0]/[0, 0]  [0, 0]/[0, 0]/[0, 0]  [0, 0]/[0, 0]/[0, 0]  0/256/1    110 1  3
   287      0  [3, 3]/[0, 0]/[0, 0]  [3, 3]/[0, 0]/[0, 0]  [0, 0]/[0, 0]/[0, 0]  [0, 0]/[0, 0]/[0, 0]  0/256/1    110 1  3
   288      0  [3, 3]/[0, 0]/[0, 0]  [3, 3]/[0, 0]/[0, 0]  [0, 0]/[0, 0]/[0, 0]  [0, 0]/[0, 0]/[0, 0]  0/256/1    134 1  3
   290      0  [3, 3]/[0, 0]/[0, 0]  [3, 3]/[0, 0]/[0, 0]  [0, 0]/[0, 0]/[0, 0]  [0, 0]/[0, 0]/[0, 0]  0/256/1    134 1  3
   293      0  [3, 3]/[0, 0]/[0, 0]  [3, 3]/[0, 0]/[0, 0]  [0, 0]/[0, 0]/[0, 0]  [0, 0]/[0, 0]/[0, 0]  0/256/1    159 1  3
   293      0  [3, 3]/[0, 0]/[0, 0]  [3, 3]/[0, 0]/[0, 0]  [0, 0]/[0, 0]/[0, 0]  [0, 0]/[0, 0]/[0, 0]  0/256/1    159 1  3
   297      0  [3, 3]/[0, 0]/[0, 0]  [3, 3]/[0, 0]/[0, 0]  [0, 0]/[0, 0]/[0, 0]  [0, 0]/[0, 0]/[0, 0]  0/256/1    159 1  3
   298      0  [3, 3]/[0, 0]/[0, 0]  [3, 3]/[0, 0]/[0, 0]  [0, 0]/[0, 0]/[0, 0]  [0, 0]/[0, 0]/[0, 0]  0/256/1    183 1  3
   300      0  [3, 3]/[0, 0]/[0, 0]  [3, 3]/[0, 0]/[0, 0]  [0, 0]/[0, 0]/[0, 0]  [0, 0]/[0, 0]/[0, 0]  0/256/1    183 1  3
   303      0  [3, 3]/[0, 0]/[0, 0]  [3, 3]/[0, 0]/[0, 0]  [0, 0]/[0, 0]/[0, 0]  [0, 0]/[0, 0]/[0, 0]  0/256/1    183 1  3
   303      0  [3, 3]/[0, 0]/[0, 0]  [3, 3]/[0, 0]/[0, 0]  [0, 0]/[0, 0]/[0, 0]  [0, 0]/[0, 0]/[0, 0]  0/256/1    208 1  3
   306      0  [3, 3]/[0, 0]/[0, 0]  [3, 3]/[0, 0]/[0, 0]  [0, 0]/[0, 0]/[0, 0]  [0, 0]/[0, 0]/[0, 0]  0/256/1    208 1  3
   308      0  [3, 3]/[0, 0]/[0, 0]  [3, 3]/[0, 0]/[0, 0]  [0, 0]/[0, 0]/[0, 0]  [0, 0]/[0, 0]/[0, 0]  0/256/1    257 1  3
   309      0  [3, 3]/[0, 0]/[0, 0]  [3, 3]/[0, 0]/[0, 0]  [0, 0]/[0, 0]/[0, 0]  [0, 0]/[0, 0]/[0, 0]  0/256/1    257 1  3
   312      0  [3, 3]/[0, 0]/[0, 0]  [3, 3]/[0, 0]/[0, 0]  [0, 0]/[0, 0]/[0, 0]  [0, 0]/[0, 0]/[0, 0]  0/256/1    257 1  3
   313      0  [3, 3]/[0, 0]/[0, 0]  [3, 3]/[0, 0]/[0, 0]  [0, 0]/[0, 0]/[0, 0]  [0, 0]/[0, 0]/[0, 0]  0/256/1    306 1  3
   315      0  [3, 3]/[0, 0]/[0, 0]  [3, 3]/[0, 0]/[0, 0]  [0, 0]/[0, 0]/[0, 0]  [0, 0]/[0, 0]/[0, 0]  0/256/1    306 1  3
   318      0  [3, 3]/[0, 0]/[0, 0]  [3, 3]/[0, 0]/[0, 0]  [0, 0]/[0, 0]/[0, 0]  [0, 0]/[0, 0]/[0, 0]  0/256/1    355 1  3
   321      0  [3, 3]/[0, 0]/[0, 0]  [3, 3]/[0, 0]/[0, 0]  [0, 0]/[0, 0]/[0, 0]  [0, 0]/[0, 0]/[0, 0]  0/256/1    355 1  3
   323      0  [3, 3]/[0, 0]/[0, 0]  [3, 3]/[0, 0]/[0, 0]  [0, 0]/[0, 0]/[0, 0]  [0, 0]/[0, 0]/[0, 0]  0/256/1    404 1  3
   324      0  [3, 3]/[0, 0]/[0, 0]  [3, 3]/[0, 0]/[0, 0]  [0, 0]/[0, 0]/[0, 0]  [0, 0]/[0, 0]/[0, 0]  0/256/1    404 1  3
   327      0  [3, 3]/[0, 0]/[0, 0]  [3, 3]/[0, 0]/[0, 0]  [0, 0]/[0, 0]/[0, 0]  [0, 0]/[0, 0]/[0, 0]  0/256/1    404 1  3
   328      0  [3, 3]/[0, 0]/[0, 0]  [3, 3]/[0, 0]/[0, 0]  [0, 0]/[0, 0]/[0, 0]  [0, 0]/[0, 0]/[0, 0]  0/256/1    477 1  3
   330      0  [3, 3]/[0, 0]/[0, 0]  [3, 3]/[0, 0]/[0, 0]  [0, 0]/[0, 0]/[0, 0]  [0, 0]/[0, 0]/[0, 0]  0/256/1    477 1  3
   333      0  [3, 3]/[0, 0]/[0, 0]  [3, 3]/[0, 0]/[0, 0]  [0, 0]/[0, 0]/[0, 0]  [0, 0]/[0, 0]/[0, 0]  0/256/1    551 1  3
   333      0  [3, 3]/[0, 0]/[0, 0]  [3, 3]/[0, 0]/[0, 0]  [0, 0]/[0, 0]/[0, 0]  [0, 0]/[0, 0]/[0, 0]  0/256/1    551 1  3
   336      0  [3, 3]/[0, 0]/[0, 0]  [3, 3]/[0, 0]/[0, 0]  [0, 0]/[0, 0]/[0, 0]  [0, 0]/[0, 0]/[0, 0]  0/256/1    551 1  3
   338      0  [3, 3]/[0, 0]/[0, 0]  [3, 3]/[0, 0]/[0, 0]  [0, 0]/[0, 0]/[0, 0]  [0, 0]/[0, 0]/[0, 0]  0/256/1    673 1  3
   339      0  [3, 3]/[0, 0]/[0, 0]  [3, 3]/[0, 0]/[0, 0]  [0, 0]/[0, 0]/[0, 0]  [0, 0]/[0, 0]/[0, 0]  0/256/1    673 1  3
   342      0  [3, 3]/[0, 0]/[0, 0]  [3, 3]/[0, 0]/[0, 0]  [0, 0]/[0, 0]/[0, 0]  [0, 0]/[0, 0]/[0, 0]  0/256/1    673 1  3
   343      0  [3, 3]/[0, 0]/[0, 0]  [3, 3]/[0, 0]/[0, 0]  [0, 0]/[0, 0]/[0, 0]  [0, 0]/[0, 0]/[0, 0]  0/256/1    796 1  3
   345      0  [3, 3]/[0, 0]/[0, 0]  [3, 3]/[0, 0]/[0, 0]  [0, 0]/[0, 0]/[0, 0]  [0, 0]/[0, 0]/[0, 0]  0/256/1    796 1  3
   348      0  [3, 3]/[0, 0]/[0, 0]  [3, 3]/[0, 0]/[0, 0]  [0, 0]/[0, 0]/[0, 0]  [0, 0]/[0, 0]/[0, 0]  0/256/1    918 1  3
   348      0  [3, 3]/[0, 0]/[0, 0]  [3, 3]/[0, 0]/[0, 0]  [0, 0]/[0, 0]/[0, 0]  [0, 0]/[0, 0]/[0, 0]  0/256/1    918 1  3
   351      0  [3, 3]/[0, 0]/[0, 0]  [3, 3]/[0, 0]/[0, 0]  [0, 0]/[0, 0]/[0, 0]  [0, 0]/[0, 0]/[0, 0]  0/256/1    918 1  3
   353      0  [3, 3]/[0, 0]/[0, 0]  [3, 3]/[0, 0]/[0, 0]  [0, 0]/[0, 0]/[0, 0]  [0, 0]/[0, 0]/[0, 0]  0/256/1   1000 1  3
   354      0  [3, 3]/[0, 0]/[0, 0]  [3, 3]/[0, 0]/[0, 0]  [0, 0]/[0, 0]/[0, 0]  [0, 0]/[0, 0]/[0, 0]  0/256/1   1000 1  3
   357      0  [3, 3]/[0, 0]/[0, 0]  [3, 3]/[0, 0]/[0, 0]  [0, 0]/[0, 0]/[0, 0]  [0, 0]/[0, 0]/[0, 0]  0/256/1   1000 1  3
   361      0  [3, 3]/[0, 0]/[0, 0]  [3, 3]/[0, 0]/[0, 0]  [0, 0]/[0, 0]/[0, 0]  [0, 0]/[0, 0]/[0, 0]  0/256/1   1000 1  3
   364      0  [3, 3]/[0, 0]/[0, 0]  [3, 3]/[0, 0]/[0, 0]  [0, 0]/[0, 0]/[0, 0]  [0, 0]/[0, 0]/[0, 0]  0/256/1   1000 1  3
   367      0  [3, 3]/[0, 0]/[0, 0]  [3, 3]/[0, 0]/[0, 0]  [0, 0]/[0, 0]/[0, 0]  [0, 0]/[0, 0]/[0, 0]  0/256/1   1000 1  3
   370      0  [3, 3]/[0, 0]/[0, 0]  [3, 3]/[0, 0]/[0, 0]  [0, 0]/[0, 0]/[0, 0]  [0, 0]/[0, 0]/[0, 0]  0/256/1   1000 1  3
   373      0  [3, 3]/[0, 0]/[0, 0]  [3, 3]/[0, 0]/[0, 0]  [0, 0]/[0, 0]/[0, 0]  [0, 0]/[0, 0]/[0, 0]  0/256/1   1000 1  3
   376      0  [3, 3]/[0, 0]/[0, 0]  [3, 3]/[0, 0]/[0, 0]  [0, 0]/[0, 0]/[0, 0]  [0, 0]/[0, 0]/[0, 0]  0/256/1   1000 1  3
   379      0  [3, 3]/[0, 0]/[0, 0]  [3, 3]/[0, 0]/[0, 0]  [0, 0]/[0, 0]/[0, 0]  [0, 0]/[0, 0]/[0, 0]  0/256/1   1000 1  3
   382      0  [3, 3]/[0, 0]/[0, 0]  [3, 3]/[0, 0]/[0, 0]  [0, 0]/[0, 0]/[0, 0]  [0, 0]/[0, 0]/[0, 0]  0/256/1   1000 1  3
   385      0  [3, 3]/[0, 0]/[0, 0]  [3, 3]/[0, 0]/[0, 0]  [0, 0]/[0, 0]/[0, 0]  [0, 0]/[0, 0]/[0, 0]  0/256/1   1000 1  3
   388      0  [3, 3]/[0, 0]/[0, 0]  [3, 3]/[0, 0]/[0, 0]  [0, 0]/[0, 0]/[0, 0]  [0, 0]/[0, 0]/[0, 0]  0/256/1   1000 1  3
   391      0  [3, 3]/[0, 0]/[0, 0]  [3, 3]/[0, 0]/[0, 0]  [0, 0]/[0, 0]/[0, 0]  [0, 0]/[0, 0]/[0, 0]  0/256/1   1000 1  3
   394      0  [3, 3]/[0, 0]/[0, 0]  [3, 3]/[0, 0]/[0, 0]  [0, 0]/[0, 0]/[0, 0]  [0, 0]/[0, 0]/[0, 0]  0/256/1   1000 1  3
   397      0  [3, 3]/[0, 0]/[0, 0]  [3, 3]/[0, 0]/[0, 0]  [0, 0]/[0, 0]/[0, 0]  [0, 0]/[0, 0]/[0, 0]  0/256/1   1000 1  3
结束 state=RUNNING
